Notes on working with the model data
-------------------------------------

0. Modifying this data can have unexpected, undesired side effects. Always keep a back up copy.

1. The numbers within the curly brackets ( { and } ) are the actual data.

2. Please keep everything (including the spacing) as it is laid out here,
   only changing the numbers.

3. For negative numbers please keep the minus sign directly in front of the
   number ( e.g. -10   NOT   - 10), errors will result otherwise.

4. From left to right, the (Figures) numbers refer to :-
	
	a - Type of Fighting Unit
	b - Hit Points
	c - Attack Value
	d - Armor Value
	e - Armor versus Missiles
	f - Missile Attack
	g - Missile Range
	h - Missile Rate of Fire
	i - Speed
	j - Period % #1
	k - Period % #2
	l - Period % #3
	m - Period % #4
	n - Period % #5
	o - Max morale level before going 'defensive'
	p - Range of units to go to during 'special' tactic
	q - unused
	r - unused

5. Speed Table
		Speed 	Value
		0	0
		1/4	1
		1/3	2
		1/2	3
		2/3	4
		3/4	5
		1	6
		1 1/4	7
		1 1/3	8
		1 1/2	9
		1 2/3	10
		1 3/4	11
		2	12
		2 1/4	13
		2 1/3	14
		2 1/2	15
		2 2/3	16
		2 3/4	17
		3	18

6. Figure type table

	NOT_FIGHTER		= 0
	HELPLESS		= 1
	GOOD_GUY		= 2
	BAD_GUY		= 3
	CRIMINAL		= 4
	PREDATOR		= 5
	PREY			= 6
	GOOD_MONSTER		= 7
	BAD_MONSTER		= 8
	GOOD_GOD		= 9
	BAD_GOD		= 10

Monsters and Gods are automatically determined by their role in the scenario, so the model file
value is ignored.

Model data starts here:-
-------------------------

ALL MODS

0,Very Easy Modifiers,{,0,60,60,100,100,80,80,80,100,100,100,100,100,100,100,100,100,100,}
1,Easy Modifiers,{,0,80,80,100,100,90,90,90,100,100,100,100,100,100,100,100,100,100,}
2,Normal Modifier,{,0,100,100,100,100,100,100,100,100,100,100,100,100,100,100,100,100,100,}
3,Hard Modifiers,{,0,120,120,100,100,110,110,110,100,100,100,100,100,100,100,100,100,100,}
4,Very Hard Modifiers,{,0,140,140,100,100,120,120,120,100,100,100,100,100,100,100,100,100,100,}


ALL UNITTYPES

0,NOT_FIGHTER,{,0,0,0,0,0,0,0,0,0,0,0,0,0,0,0,0,0,0,}
1,HELPLESS,{,0,0,0,0,0,0,0,0,0,0,0,0,0,0,0,0,0,0,}
2,GOOD_GUY,{,0,0,0,0,0,0,0,0,0,0,0,0,0,0,0,0,0,0,}
3,BAD_GUY,{,0,1,1,0,0,1,1,1,0,0,0,0,0,0,0,0,0,0,}
4,CRIMINAL,{,0,1,0,0,0,0,0,0,0,0,0,0,0,0,0,0,0,0,}
5,PREDATOR,{,0,1,0,0,0,0,0,0,0,0,0,0,0,0,0,0,0,0,}
6,PREY,{,0,1,0,0,0,0,0,0,0,0,0,0,0,0,0,0,0,0,}
7,GOOD_MONSTER,{,0,0,0,0,0,0,0,0,0,0,0,0,0,0,0,0,0,0,}
8,BAD_MONSTER,{,0,0,0,0,0,0,0,0,0,0,0,0,0,0,0,0,0,0,}
9,GOOD_GOD,{,0,0,0,0,0,0,0,0,0,0,0,0,0,0,0,0,0,0,}
10,BAD_HERO,{,0,0,0,0,0,0,0,0,0,0,0,0,0,0,0,0,0,0,}
11,GOOD_HERO,{,0,0,0,0,0,0,0,0,0,0,0,0,0,0,0,0,0,0,}



ALL FIGURES

0,illegal figure type                                 ,{,0,0,0,0,0,0,0,0,0,0,0,0,0,0,0,24,0,0,}
1,random ambient figures                              ,{,0,0,0,0,0,0,0,0,0,0,0,0,0,0,0,24,0,0,}
2,fire                                                ,{,1,10,0,0,0,0,0,0,9,0,0,0,0,0,0,24,0,0,}
3,zguy                                                ,{,0,0,0,0,0,0,0,0,0,0,0,0,0,0,0,24,0,0,}
4,map flag                                            ,{,0,0,0,0,0,0,0,0,0,0,0,0,0,0,0,24,0,0,}
5,Water Bubbles,{,0,0,0,0,0,0,0,0,0,0,0,0,0,0,0,24,0,0,}
6,Shipwreck                                           ,{,0,0,0,0,0,0,0,0,0,0,0,0,0,0,0,24,0,0,}
7,Critter Turned to Stone,{,0,0,0,0,0,0,0,0,0,0,0,0,0,0,0,24,0,0,}
8,Critter Entranced,{,0,0,0,0,0,0,0,0,0,0,0,0,0,0,0,24,0,0,}
9,standard bearer                                     ,{,0,0,0,0,0,0,0,0,0,0,0,0,0,0,0,24,0,0,}
10,laborer                                             ,{,1,10,0,0,0,0,0,0,8,0,0,0,0,0,0,24,0,0,}
11,immigrant                                           ,{,1,10,0,0,0,0,0,0,8,0,0,0,0,0,0,24,0,0,}
12,emmigrant                                           ,{,1,10,0,0,0,0,0,0,8,0,0,0,0,0,0,24,0,0,}
13,homeless                                            ,{,1,10,0,0,0,0,0,0,7,0,0,0,0,0,0,24,0,0,}
14,beggar                                              ,{,1,8,0,0,0,0,0,0,6,0,0,0,0,0,0,40,0,0,}
15,muggar                                              ,{,4,10,5,1,0,0,0,0,9,0,0,0,0,0,0,40,0,0,}
16,thief                                               ,{,4,10,4,1,0,0,0,0,10,0,0,0,0,0,0,40,0,0,}
17,bandit                                              ,{,4,25,6,1,1,0,0,0,9,0,0,0,0,0,0,40,0,0,}
18,Disease Carrier                                     ,{,1,6,0,0,0,0,0,0,6,0,0,0,0,0,0,15,0,0,}
19,wheelbarrow pusher                                  ,{,1,11,0,0,0,0,0,0,8,0,0,0,0,0,0,24,0,0,}
20,Donkey Cart/ Water buffalo cart                     ,{,0,0,0,0,0,0,0,0,0,0,0,0,0,0,0,24,0,0,}
21,warehouse guy                                       ,{,1,12,0,0,0,0,0,0,8,0,0,0,0,0,0,24,0,0,}
22,deliveryman                                         ,{,1,10,0,0,0,0,0,0,8,0,0,0,0,0,0,24,0,0,}
23,peddler                                             ,{,1,10,0,0,0,0,0,0,8,0,0,0,0,0,0,60,0,0,}
24,Marketplace buyer (Food/ Tea/ Hemp/ Bronzeware/ Lacquerware/ Silk/ Ceramic),{,1,10,0,0,0,0,0,0,8,0,0,0,0,0,0,50,0,0,}
25,Buyer's Servant                                     ,{,0,7,0,0,0,0,0,0,8,0,0,0,0,0,0,50,0,0,}
26,farmer/ tender                                      ,{,1,10,0,0,0,0,0,0,8,0,0,0,0,0,0,24,0,0,}
27,Tax Official                                        ,{,1,10,0,0,0,0,0,0,8,0,0,0,0,0,0,40,0,0,}
28,water carrier                                       ,{,1,10,0,0,0,0,0,0,8,0,0,0,0,0,0,40,0,0,}
29,Watchtower Guard,{,2,25,6,1,1,0,0,0,8,0,0,0,0,0,0,40,0,0,}
30,herbalist                                           ,{,1,8,0,0,0,0,0,0,8,0,0,0,0,0,0,36,0,0,}
31,acupuncturist                                       ,{,1,10,0,0,0,0,0,0,8,0,0,0,0,0,0,36,0,0,}
32,acrobat                                             ,{,1,8,0,0,0,0,0,0,8,0,0,0,0,0,0,36,0,0,}
33,actor                                               ,{,1,10,0,0,0,0,0,0,8,0,0,0,0,0,0,36,0,0,}
34,Musician                                            ,{,1,10,0,0,0,0,0,0,8,0,0,0,0,0,0,36,0,0,}
35,diviner/scholar/priest/monk                      ,{,1,10,0,0,0,0,0,0,8,0,0,0,0,0,0,50,0,0,}
36,announcer                                           ,{,1,10,0,0,0,0,0,0,8,0,0,0,0,0,0,50,0,0,}
37,Festival Performer                                  ,{,1,10,0,0,0,0,0,0,8,0,0,0,0,0,0,50,0,0,}
38,Elite Couple                                        ,{,1,12,0,0,0,0,0,0,8,0,0,0,0,0,0,25,0,0,}
39,inspector                                           ,{,1,12,0,0,0,0,0,0,8,0,0,0,0,0,0,40,0,0,}
40,Hunter                                              ,{,2,50,3,1,0,6,5,80,8,0,0,0,0,0,0,24,0,0,}
41,Logger                                              ,{,1,15,0,0,0,0,0,0,8,0,0,0,0,0,0,24,0,0,}
42,Miner/Quarryman                                    ,{,1,15,0,0,0,0,0,0,8,0,0,0,0,0,0,24,0,0,}
43,Spy                                                 ,{,1,15,0,0,0,0,0,0,8,0,0,0,0,0,0,24,0,0,}
44,Emissary                                            ,{,1,10,0,0,0,0,0,0,8,0,0,0,0,0,0,24,0,0,}
45,Traders                                             ,{,1,12,0,0,0,0,0,0,8,0,0,0,0,0,0,24,0,0,}
46,Trading Junk                                        ,{,1,340,0,9,8,0,0,0,7,0,0,0,0,0,0,24,0,0,},,
47,Trader Crew                                         ,{,0,15,0,0,0,0,0,0,8,0,0,0,0,0,0,24,0,0,},,
48,Ferry Sampan                                        ,{,1,170,0,0,0,0,0,0,7,0,0,0,0,0,0,24,0,0,},,
49,fishing raft                                        ,{,1,60,0,0,0,0,0,0,5,0,0,0,0,0,0,24,0,0,},,
50,Horse,{,1,100,0,1,0,0,0,0,16,0,0,0,0,0,0,24,0,0,},,
51,Hunter's Arrow,{,0,0,0,0,0,0,0,0,20,0,0,0,0,0,0,24,0,0,},,
52,Enemy's Arrow or Flaming Arrow                       ,{,0,0,0,0,0,0,0,0,20,0,0,0,0,0,0,24,0,0,},,
53,Enemy's Fireball or Rock                            ,{,0,0,0,0,0,0,0,0,18,0,0,0,0,0,0,24,0,0,},,
54,Player's Arrow or Flaming Arrow                     ,{,0,0,0,0,0,0,0,0,20,0,0,0,0,0,0,24,0,0,},,
55,Player's Fireball or Rock                           ,{,0,0,0,0,0,0,0,0,18,0,0,0,0,0,0,24,0,0,},,
56,Sentry (patrols wall)        ,{,2,100,6,8,6,6,12,90,7,0,0,0,0,0,0,50,0,0,},,
57,Sentry (stands in tower)	,{,2,100,6,8,6,6,12,90,7,0,0,0,0,0,0,50,0,0,},,
58,Enemy Infantry                                      ,{,3,0,0,0,0,0,0,0,0,100,40,30,35,40,0,24,0,0,},,
59,Enemy Archer/Crossbow                            ,{,3,0,0,0,0,0,0,0,0,0,0,0,20,25,0,24,0,0,},,
60,Enemy Cavalry,{,3,0,0,0,0,0,0,0,0,0,0,10,15,20,0,24,0,0,},,
61,Enemy Chariot,{,3,0,0,0,0,0,0,0,0,0,60,45,15,0,0,24,0,0,},,
62,Enemy Catapult,{,3,0,0,0,0,0,0,0,0,0,0,15,15,15,0,24,0,0,}
63,rabble                                              ,{,2,0,0,0,0,0,0,0,0,0,0,0,0,0,0,30,0,0,}
64,Friendly infantry                                 ,{,2,150,15,7,4,0,0,0,8,100,40,30,35,40,65,24,0,0,}
65,Friendly Crossbowman,{,2,120,5,4,4,8,12,115,8,0,0,0,20,25,65,24,0,0,}
66,Friendly Cavalry,{,2,210,16,5,4,6,9,100,15,0,0,10,15,20,65,24,0,0,}
67,Friendly Chariot,{,2,250,90,6,3,6,9,100,13,0,60,45,15,0,65,24,0,0,}
68,Friendly Catapult,{,2,65,0,2,6,300,22,150,5,0,0,15,15,15,65,24,0,0,}
69,Gobi Bear,{,5,25,20,1,1,0,0,0,8,0,0,0,0,0,0,24,0,0,}
70,Bearded Vulture,{,5,6,8,0,0,0,0,0,12,0,0,0,0,0,0,24,0,0,}
71,Panda Bear,{,5,18,12,1,1,0,0,0,6,0,0,0,0,0,0,24,0,0,}
72,Giant Salamander,{,5,8,6,0,0,0,0,0,5,0,0,0,0,0,0,24,0,0,}
73,Tiger,{,5,22,25,0,0,0,0,0,10,0,0,0,0,0,0,24,0,0,}
74,Chinese Alligator,{,5,12,16,2,1,0,0,0,7,0,0,0,0,0,0,24,0,0,}
75,Wild Pig,{,6,10,0,1,1,0,0,0,9,0,0,0,0,0,0,24,0,0,}
76,Pheasant,{,6,5,0,0,0,0,0,0,11,0,0,0,0,0,0,24,0,0,}
77,Saiga Antelope,{,6,8,0,0,0,0,0,0,9,0,0,0,0,0,0,24,0,0,}
78,Enemy's Heroes                                      ,{,10,0,0,0,0,0,0,0,0,0,0,0,0,0,0,24,0,0,}
79,Player's Heroes                                     ,{,11,0,0,0,0,0,0,0,0,0,0,0,0,0,0,24,0,0,}
80,Carpenter,{,1,10,0,0,0,0,0,0,8,0,0,0,0,0,0,50,0,0,}
81,Ceramist,{,1,10,0,0,0,0,0,0,8,0,0,0,0,0,0,50,0,0,}
82,Stone Mason,{,1,10,0,0,0,0,0,0,8,0,0,0,0,0,0,50,0,0,}


-----------------------------------------------------------------------------------
ALL ENEMIES

0,Chinese Infantry,{,3,150,15,7,4,0,0,0,8,100,40,30,35,40,65,24,0,0,}
1,Chinese Crossbow,{,3,120,5,4,4,8,12,115,8,0,0,0,20,25,65,24,0,0,}
2,Chinese Cavalry,{,3,210,16,5,4,6,9,100,15,0,0,10,15,20,65,24,0,0,}
3,Chinese Chariot,{,3,250,90,6,3,6,9,100,13,0,60,45,15,0,65,24,0,0,}
4,Chinese Catapult,{,3,65,0,2,6,300,22,150,5,0,0,15,15,15,65,24,0,0,}
5,Blank,{,0,0,0,0,0,0,0,0,0,0,0,0,0,0,0,24,0,0,}
6,Xiongnu Infantry,{,3,130,14,3,2,0,0,0,10,30,30,30,30,30,70,24,0,0,}
7,Blank,{,0,0,0,0,0,0,0,0,0,0,0,0,0,0,0,24,0,0,}
8,Xiongnu Cavalry,{,3,225,18,3,2,6,10,90,18,70,70,70,70,70,70,24,0,0,}
9,Blank,{,0,0,0,0,0,0,0,0,0,0,0,0,0,0,0,24,0,0,}
10,Blank,{,0,0,0,0,0,0,0,0,0,0,0,0,0,0,0,24,0,0,}
11,Blank,{,0,0,0,0,0,0,0,0,0,0,0,0,0,0,0,24,0,0,}
12,Korean Infantry,{,3,140,12,6,4,0,0,0,9,70,70,70,70,70,70,24,0,0,}
13,Korean Archer,{,3,105,5,3,4,6,10,85,9,30,30,30,30,30,70,24,0,0,}
14,Blank,{,0,0,0,0,0,0,0,0,0,0,0,0,0,0,0,24,0,0,}
15,Blank,{,0,0,0,0,0,0,0,0,0,0,0,0,0,0,0,24,0,0,}
16,Blank,{,0,0,0,0,0,0,0,0,0,0,0,0,0,0,0,24,0,0,}
17,Blank,{,0,0,0,0,0,0,0,0,0,0,0,0,0,0,0,24,0,0,}
18,Khmer Infantry,{,3,135,13,4,2,0,0,0,10,50,50,50,50,50,75,24,0,0,}
19,Khmer Archer,{,3,100,5,2,3,6,10,80,10,50,50,50,50,50,75,24,0,0,}
20,Blank,{,0,0,0,0,0,0,0,0,0,0,0,0,0,0,0,24,0,0,}
21,Blank,{,0,0,0,0,0,0,0,0,0,0,0,0,0,0,0,24,0,0,}
22,Blank,{,0,0,0,0,0,0,0,0,0,0,0,0,0,0,0,24,0,0,}
23,Blank,{,0,0,0,0,0,0,0,0,0,0,0,0,0,0,0,24,0,0,}
24,Tibetan Infantry,{,3,155,15,9,6,0,0,0,7,80,80,80,80,80,65,24,0,0,}
25,Blank,{,0,0,0,0,0,0,0,0,0,0,0,0,0,0,0,24,0,0,}
26,Tibetan Cavalry,{,3,210,20,6,4,6,8,90,14,20,20,20,20,20,65,24,0,0,}
27,Blank,{,0,0,0,0,0,0,0,0,0,0,0,0,0,0,0,24,0,0,}
28,Blank,{,0,0,0,0,0,0,0,0,0,0,0,0,0,0,0,24,0,0,}
29,Blank,{,0,0,0,0,0,0,0,0,0,0,0,0,0,0,0,24,0,0,}
30,Khitan Infantry,{,3,150,16,5,2,0,0,0,9,30,30,30,30,30,70,24,0,0,}
31,Blank,{,0,0,0,0,0,0,0,0,0,0,0,0,0,0,0,24,0,0,}
32,Khitan Cavalry,{,3,230,22,4,2,7,8,80,18,60,60,60,60,60,70,24,0,0,}
33,Blank,{,0,0,0,0,0,0,0,0,0,0,0,0,0,0,0,24,0,0,}
34,Khitan Catapult,{,3,55,0,2,6,300,20,160,5,10,10,10,10,10,70,24,0,0,}
35,Blank,{,0,0,0,0,0,0,0,0,0,0,0,0,0,0,0,24,0,0,}
36,Mongol Infantry,{,3,160,21,5,3,0,0,0,10,20,20,20,20,20,40,24,0,0,}
37,Mongol Archer,{,3,125,11,3,3,8,10,70,10,10,10,10,10,10,40,24,0,0,}
38,Mongol Cavalry,{,3,250,25,5,4,8,10,70,19,50,50,50,50,50,40,24,0,0,}
39,Blank,{,0,0,0,0,0,0,0,0,0,0,0,0,0,0,0,24,0,0,}
40,Mongol Catapult,{,3,60,0,2,6,300,21,155,6,20,20,20,20,20,40,24,0,0,}
41,Blank,{,0,0,0,0,0,0,0,0,0,0,0,0,0,0,0,24,0,0,}


			
-----------------------------------------------------------------------------------
ALL HEROES

0,Nuwa (Anc. Wor.),{,11,250,0,6,7,0,0,0,8,100,100,100,100,100,0,7,0,0,}
1,Shennong (Anc. Wor.),{,11,270,0,9,8,0,0,0,8,100,100,100,100,100,0,6,0,0,}
2,Huangdi (Anc. Wor.) - archer,{,11,325,35,10,12,50,14,65,8,100,100,100,100,100,0,8,0,0,}
3,Xiwangmu (Daoist),{,11,250,0,7,6,0,0,0,8,100,100,100,100,100,0,7,0,0,}
4,Zaojun (Daoist),{,11,260,0,7,6,0,0,0,8,100,100,100,100,100,0,8,0,0,}
5,Guandi (Daoist) - sword,{,11,340,60,12,14,0,0,0,8,100,100,100,100,100,0,6,0,0,}
6,Guanyin (Buddist),{,11,280,0,7,6,0,0,0,8,100,100,100,100,100,0,8,0,0,}
7,Bodhidharma (Buddist) - kung fu,{,11,290,55,8,10,0,0,0,8,100,100,100,100,100,0,7,0,0,}
8,Sunwukong (Buddist),{,11,300,65,12,10,0,0,0,9,100,100,100,100,100,0,6,0,0,}
9,Confucius (Confucian),{,11,290,0,6,7,0,0,0,8,100,100,100,100,100,0,6,0,0,}
10,Sunzi (Confucian) - halberd,{,11,330,50,15,14,0,0,0,8,100,100,100,100,100,0,7,0,0,}
11,Mencius (Confucian),{,11,300,0,7,6,0,0,0,8,100,100,100,100,100,0,8,0,0,}



End of model data.
-------------------






