; Model\SB_CLOCK_TOWER.txt

; this file is generated automatically, comments will not be preserved


; Phase 0
{13}(@)
;        North                    East                   South                     West                             Facing
;----------------------  ----------------------  ----------------------  ----------------------                    rotations
;    start      finish       start      finish       start      finish       start      finish                    ----------
;   x,    y,    x,    y,    x,    y,    x,    y,    x,    y,    x,    y,    x,    y,    x,    y,   look, ticks,   n, e, s, w
{ 174,   21,  174,   21,  174,   21,  174,   21,  174,   21,  174,   21,  174,   21,  174,   21,      9,    80,   1, 1, 1, 1}
{ 174,   21,  174,   21,  174,   21,  174,   21,  174,   21,  174,   21,  174,   21,  174,   21,     10,   120,   4, 4, 4, 4}
{ 174,   21,   60,   17,  174,   21,   60,   17,  174,   21,   60,   17,  174,   21,   60,   17,      8,    40,   5, 5, 5, 5}
{  60,   17,   60,   17,   60,   17,   60,   17,   60,   17,   60,   17,   60,   17,   60,   17,      9,    80,   3, 3, 3, 3}
{  60,   17,  187,  -55,   60,   17,  187,  -55,   60,   17,  187,  -55,   60,   17,  187,  -55,      8,    60,   0, 0, 0, 0}
{ 187,  -55,  187,  -55,  187,  -55,  187,  -55,  187,  -55,  187,  -55,  187,  -55,  187,  -55,      9,   120,   0, 0, 0, 0}
{ 187,  -55,  365,   31,  187,  -55,  365,   31,  187,  -55,  365,   31,  187,  -55,  365,   31,      8,    70,   2, 2, 2, 2}
{ 365,   31,  365,   31,  365,   31,  365,   31,  365,   31,  365,   31,  365,   31,  365,   31,     10,    80,   7, 7, 7, 7}
{ 365,   31,  242,   93,  365,   31,  242,   93,  365,   31,  242,   93,  365,   31,  242,   93,      8,    60,   4, 4, 4, 4}
{ 240,   92,  152,   84,  240,   92,  152,   84,  240,   92,  152,   84,  240,   92,  152,   84,      8,    20,   5, 5, 5, 5}
{ 152,   84,  152,   84,  152,   84,  152,   84,  152,   84,  152,   84,  152,   84,  152,   84,      9,   110,   3, 3, 3, 3}
{ 152,   84,  152,   84,  152,   84,  152,   84,  152,   84,  152,   84,  152,   84,  152,   84,     10,    90,   5, 5, 5, 5}
{ 152,   84,  221,   59,  152,   84,  221,   59,  152,   84,  221,   59,  152,   84,  221,   59,      8,    30,   0, 0, 0, 0}

; Phase 1
{12}(@)
;        North                    East                   South                     West                             Facing
;----------------------  ----------------------  ----------------------  ----------------------                    rotations
;    start      finish       start      finish       start      finish       start      finish                    ----------
;   x,    y,    x,    y,    x,    y,    x,    y,    x,    y,    x,    y,    x,    y,    x,    y,   look, ticks,   n, e, s, w
{ 206,   12,  206,   12,  206,   12,  206,   12,  206,   12,  206,   12,  206,   12,  206,   12,      2,   100,   2, 2, 2, 2}
{ 206,   12,  205,   43,  206,   12,  205,   43,  206,   12,  205,   43,  206,   12,  205,   43,      1,    10,   3, 3, 3, 3}
{ 205,   43,  205,   43,  205,   43,  205,   43,  205,   43,  205,   43,  205,   43,  205,   43,      2,    80,   3, 3, 3, 3}
{ 205,   43,  205,   43,  205,   43,  205,   43,  205,   43,  205,   43,  205,   43,  205,   43,      3,   120,   2, 2, 2, 2}
{ 205,   43,  286,   -8,  205,   43,  286,   -8,  205,   43,  286,   -8,  205,   43,  286,   -8,      1,    40,   0, 0, 0, 0}
{ 286,   -8,  286,   -8,  286,   -8,  286,   -8,  286,   -8,  286,   -8,  286,   -8,  286,   -8,      3,   100,   4, 4, 4, 4}
{ 286,   -8,  205,  -49,  286,   -8,  205,  -49,  286,   -8,  205,  -49,  286,   -8,  205,  -49,      1,    40,   6, 6, 6, 6}
{ 205,  -49,  205,  -49,  205,  -49,  205,  -49,  205,  -49,  205,  -49,  205,  -49,  205,  -49,      3,   100,   2, 2, 2, 2}
{ 205,  -49,  205,  -49,  205,  -49,  205,  -49,  205,  -49,  205,  -49,  205,  -49,  205,  -49,      2,   120,   3, 3, 3, 3}
{ 205,  -49,  144,  -15,  205,  -49,  144,  -15,  205,  -49,  144,  -15,  205,  -49,  144,  -15,      1,    30,   4, 4, 4, 4}
{ 144,  -15,  144,  -15,  144,  -15,  144,  -15,  144,  -15,  144,  -15,  144,  -15,  144,  -15,      2,    80,   2, 2, 2, 2}
{ 144,  -15,  144,  -15,  144,  -15,  144,  -15,  144,  -15,  144,  -15,  144,  -15,  144,  -15,      3,   120,   2, 2, 2, 2}

; Phase 2
{16}(@)
;        North                    East                   South                     West                             Facing
;----------------------  ----------------------  ----------------------  ----------------------                    rotations
;    start      finish       start      finish       start      finish       start      finish                    ----------
;   x,    y,    x,    y,    x,    y,    x,    y,    x,    y,    x,    y,    x,    y,    x,    y,   look, ticks,   n, e, s, w
{ 162,  100,  223,   51,  162,  100,  223,   51,  162,  100,  223,   51,  162,  100,  223,   51,      1,    30,   0, 0, 0, 0}
{ 221,   57,  231,    4,  221,   57,  231,    4,  221,   57,  231,    4,  221,   57,  231,    4,      4,    20,   0, 0, 0, 0}
{ 231,    4,  271,  -14,  231,    4,  271,  -14,  231,    4,  271,  -14,  231,    4,  271,  -14,      1,    20,   0, 0, 0, 0}
{ 271,  -14,  271,  -14,  271,  -14,  271,  -14,  271,  -14,  271,  -14,  271,  -14,  271,  -14,      3,    90,   6, 6, 6, 6}
{ 271,  -14,  227,   10,  271,  -14,  227,   10,  271,  -14,  227,   10,  271,  -14,  227,   10,      1,    20,   4, 4, 4, 4}
{ 227,   10,  210,   -3,  227,   10,  210,   -3,  227,   10,  210,   -3,  227,   10,  210,   -3,      1,    10,   6, 6, 6, 6}
{ 210,   -3,  210,   -3,  210,   -3,  210,   -3,  210,   -3,  210,   -3,  210,   -3,  210,   -3,      3,   110,   0, 0, 0, 0}
{ 192,  -10,  187,  -55,  192,  -10,  187,  -55,  192,  -10,  187,  -55,  192,  -10,  187,  -55,      4,    20,   6, 6, 6, 6}
{ 187,  -55,  157,  -72,  187,  -55,  157,  -72,  187,  -55,  157,  -72,  187,  -55,  157,  -72,      1,    10,   6, 6, 6, 6}
{ 157,  -72,  157,  -72,  157,  -72,  157,  -72,  157,  -72,  157,  -72,  157,  -72,  157,  -72,      2,    80,   7, 7, 7, 7}
{ 157,  -72,  157,  -72,  157,  -72,  157,  -72,  157,  -72,  157,  -72,  157,  -72,  157,  -72,      3,   120,   0, 0, 0, 0}
{ 157,  -72,  168, -131,  157,  -72,  168, -131,  157,  -72,  168, -131,  157,  -72,  168, -131,      4,    20,   0, 0, 0, 0}
{ 167, -128,  248, -123,  167, -128,  248, -123,  167, -128,  248, -123,  167, -128,  248, -123,      1,    40,   1, 1, 1, 1}
{ 248, -123,  248, -123,  248, -123,  248, -123,  248, -123,  248, -123,  248, -123,  248, -123,      2,    90,   1, 1, 1, 1}
{ 248, -123,  248, -123,  248, -123,  248, -123,  248, -123,  248, -123,  248, -123,  248, -123,      2,   110,   3, 3, 3, 3}
{ 248, -123,  248, -123,  248, -123,  248, -123,  248, -123,  248, -123,  248, -123,  248, -123,      3,    80,   5, 5, 5, 5}

; Phase 3
{16}(@)
;        North                    East                   South                     West                             Facing
;----------------------  ----------------------  ----------------------  ----------------------                    rotations
;    start      finish       start      finish       start      finish       start      finish                    ----------
;   x,    y,    x,    y,    x,    y,    x,    y,    x,    y,    x,    y,    x,    y,    x,    y,   look, ticks,   n, e, s, w
{ 162,  100,  223,   51,  162,  100,  223,   51,  162,  100,  223,   51,  162,  100,  223,   51,      1,    30,   0, 0, 0, 0}
{ 221,   57,  231,    4,  221,   57,  231,    4,  221,   57,  231,    4,  221,   57,  231,    4,      4,    20,   0, 0, 0, 0}
{ 231,    4,  271,  -14,  231,    4,  271,  -14,  231,    4,  271,  -14,  231,    4,  271,  -14,      1,    20,   0, 0, 0, 0}
{ 271,  -14,  271,  -14,  271,  -14,  271,  -14,  271,  -14,  271,  -14,  271,  -14,  271,  -14,      3,    90,   6, 6, 6, 6}
{ 271,  -14,  227,   10,  271,  -14,  227,   10,  271,  -14,  227,   10,  271,  -14,  227,   10,      1,    20,   4, 4, 4, 4}
{ 227,   10,  210,   -3,  227,   10,  210,   -3,  227,   10,  210,   -3,  227,   10,  210,   -3,      1,    10,   6, 6, 6, 6}
{ 210,   -3,  210,   -3,  210,   -3,  210,   -3,  210,   -3,  210,   -3,  210,   -3,  210,   -3,      3,   110,   0, 0, 0, 0}
{ 192,  -10,  187,  -55,  192,  -10,  187,  -55,  192,  -10,  187,  -55,  192,  -10,  187,  -55,      4,    20,   6, 6, 6, 6}
{ 187,  -55,  157,  -72,  187,  -55,  157,  -72,  187,  -55,  157,  -72,  187,  -55,  157,  -72,      1,    10,   6, 6, 6, 6}
{ 157,  -72,  157,  -72,  157,  -72,  157,  -72,  157,  -72,  157,  -72,  157,  -72,  157,  -72,      2,    80,   7, 7, 7, 7}
{ 157,  -72,  157,  -72,  157,  -72,  157,  -72,  157,  -72,  157,  -72,  157,  -72,  157,  -72,      3,   120,   0, 0, 0, 0}
{ 157,  -72,  165, -151,  157,  -72,  168, -131,  157,  -72,  168, -131,  157,  -72,  168, -131,      4,    30,   0, 0, 0, 0}
{ 165, -148,  228, -158,  167, -128,  248, -123,  167, -128,  248, -123,  167, -128,  248, -123,      1,    10,   1, 1, 1, 1}
{ 228, -161,  228, -161,  248, -123,  248, -123,  248, -123,  248, -123,  248, -123,  248, -123,      2,    90,   1, 1, 1, 1}
{ 228, -161,  228, -161,  248, -123,  248, -123,  248, -123,  248, -123,  248, -123,  248, -123,      2,   110,   3, 3, 3, 3}
{ 228, -161,  228, -161,  248, -123,  248, -123,  248, -123,  248, -123,  248, -123,  248, -123,      2,    80,   6, 5, 5, 5}

; Phase 4
{16}(@)
;        North                    East                   South                     West                             Facing
;----------------------  ----------------------  ----------------------  ----------------------                    rotations
;    start      finish       start      finish       start      finish       start      finish                    ----------
;   x,    y,    x,    y,    x,    y,    x,    y,    x,    y,    x,    y,    x,    y,    x,    y,   look, ticks,   n, e, s, w
{ 162,  100,  223,   51,  162,  100,  223,   51,  162,  100,  223,   51,  162,  100,  223,   51,      1,    30,   0, 0, 0, 0}
{ 221,   57,  231,    4,  221,   57,  231,    4,  221,   57,  231,    4,  221,   57,  231,    4,      4,    20,   0, 0, 0, 0}
{ 231,    4,  271,  -14,  231,    4,  271,  -14,  231,    4,  271,  -14,  231,    4,  271,  -14,      1,    20,   0, 0, 0, 0}
{ 271,  -14,  271,  -14,  271,  -14,  271,  -14,  271,  -14,  271,  -14,  271,  -14,  271,  -14,      3,    90,   6, 6, 6, 6}
{ 271,  -14,  227,   10,  271,  -14,  227,   10,  271,  -14,  227,   10,  271,  -14,  227,   10,      1,    20,   4, 4, 4, 4}
{ 227,   10,  210,   -3,  227,   10,  210,   -3,  227,   10,  210,   -3,  227,   10,  210,   -3,      1,    10,   6, 6, 6, 6}
{ 210,   -3,  210,   -3,  210,   -3,  210,   -3,  210,   -3,  210,   -3,  210,   -3,  210,   -3,      3,   110,   0, 0, 0, 0}
{ 192,  -10,  187,  -55,  192,  -10,  187,  -55,  192,  -10,  187,  -55,  192,  -10,  187,  -55,      4,    20,   6, 6, 6, 6}
{ 187,  -55,  157,  -72,  187,  -55,  157,  -72,  187,  -55,  157,  -72,  187,  -55,  157,  -72,      1,    10,   6, 6, 6, 6}
{ 157,  -72,  157,  -72,  157,  -72,  157,  -72,  157,  -72,  157,  -72,  157,  -72,  157,  -72,      2,    80,   7, 7, 7, 7}
{ 157,  -72,  157,  -72,  157,  -72,  157,  -72,  157,  -72,  157,  -72,  157,  -72,  157,  -72,      3,   120,   0, 0, 0, 0}
{ 157,  -72,  168, -131,  157,  -72,  168, -131,  157,  -72,  168, -131,  157,  -72,  168, -131,      4,    20,   0, 0, 0, 0}
{ 171, -150,  221, -161,  171, -150,  221, -161,  171, -150,  221, -161,  171, -150,  221, -161,      1,    10,   1, 1, 1, 1}
{ 221, -161,  221, -161,  221, -161,  221, -161,  221, -161,  221, -161,  221, -161,  221, -161,      2,    90,   1, 1, 1, 1}
{ 221, -161,  221, -161,  221, -161,  221, -161,  221, -161,  221, -161,  221, -161,  221, -161,      2,   110,   3, 3, 3, 3}
{ 221, -161,  221, -161,  221, -161,  221, -161,  221, -161,  221, -161,  221, -161,  221, -161,      2,    80,   5, 5, 5, 5}

; Phase 5
{15}(@)
;        North                    East                   South                     West                             Facing
;----------------------  ----------------------  ----------------------  ----------------------                    rotations
;    start      finish       start      finish       start      finish       start      finish                    ----------
;   x,    y,    x,    y,    x,    y,    x,    y,    x,    y,    x,    y,    x,    y,    x,    y,   look, ticks,   n, e, s, w
{ 119,   38,  119,   38,  119,   38,  119,   38,  119,   38,  119,   38,  119,   38,  119,   38,      3,   120,   5, 5, 5, 5}
{ 119,   38,  139,   47,  119,   38,  139,   47,  119,   38,  139,   47,  119,   38,  139,   47,      1,    10,   2, 2, 2, 2}
{ 139,   47,  139,   47,  139,   47,  139,   47,  139,   47,  139,   47,  139,   47,  139,   47,      3,    80,   2, 2, 2, 2}
{ 139,   47,  192,   38,  139,   47,  192,   38,  139,   47,  192,   38,  139,   47,  192,   38,      1,    30,   1, 1, 1, 1}
{ 192,   38,  222,   56,  192,   38,  222,   56,  192,   38,  222,   56,  192,   38,  222,   56,      1,    10,   2, 2, 2, 2}
{ 222,   56,  232,    8,  222,   56,  232,    8,  222,   56,  232,    8,  222,   56,  232,    8,      4,    20,   0, 0, 0, 0}
{ 232,    8,  283,   -9,  232,    8,  283,   -9,  232,    8,  283,   -9,  232,    8,  283,   -9,      1,    20,   0, 0, 0, 0}
{ 270,   -9,  270,   -9,  270,   -9,  270,   -9,  270,   -9,  270,   -9,  270,   -9,  270,   -9,      3,   120,   6, 6, 6, 6}
{ 270,   -9,  230,   10,  270,   -9,  230,   10,  270,   -9,  230,   10,  270,   -9,  230,   10,      1,    20,   4, 4, 4, 4}
{ 230,   10,  220,   56,  230,   10,  220,   56,  230,   10,  220,   56,  230,   10,  220,   56,      4,    20,   0, 0, 0, 0}
{ 220,   56,  176,   29,  220,   56,  176,   29,  220,   56,  176,   29,  220,   56,  176,   29,      1,    20,   6, 6, 6, 6}
{ 176,   29,  179,  -35,  176,   29,  179,  -35,  176,   29,  179,  -35,  176,   29,  179,  -35,      4,    30,   7, 7, 7, 7}
{ 183,  -26,  183,  -26,  183,  -26,  183,  -26,  183,  -26,  183,  -26,  183,  -26,  183,  -26,      3,   100,   7, 7, 7, 7}
{ 183,  -26,  181,   29,  183,  -26,  181,   29,  183,  -26,  181,   29,  183,  -26,  181,   29,      4,    30,   7, 7, 7, 7}
{ 181,   29,  135,   22,  181,   29,  135,   22,  181,   29,  135,   22,  181,   29,  135,   22,      1,    10,   5, 5, 5, 5}

; Phase 6
{1}(@)
;        North                    East                   South                     West                             Facing
;----------------------  ----------------------  ----------------------  ----------------------                    rotations
;    start      finish       start      finish       start      finish       start      finish                    ----------
;   x,    y,    x,    y,    x,    y,    x,    y,    x,    y,    x,    y,    x,    y,    x,    y,   look, ticks,   n, e, s, w
{ 217,  -73,  217,  -73,  217,  -73,  217,  -73,  217,  -73,  217,  -73,  217,  -73,  217,  -73,      0,     0,   0, 0, 0, 0}
