; Model\SB_PAGODA.txt

; this file is generated automatically, comments will not be preserved


; Phase 0
{21}(@)
;        North                    East                   South                     West                             Facing
;----------------------  ----------------------  ----------------------  ----------------------                    rotations
;    start      finish       start      finish       start      finish       start      finish                    ----------
;   x,    y,    x,    y,    x,    y,    x,    y,    x,    y,    x,    y,    x,    y,    x,    y,   look, ticks,   n, e, s, w
{ 160,   12,  160,   12,  160,   12,  160,   12,  160,   12,  160,   12,  160,   12,  160,   12,      9,    80,   4, 4, 4, 4}
{ 160,   12,  160,   12,  160,   12,  160,   12,  160,   12,  160,   12,  160,   12,  160,   12,      9,    80,   6, 6, 6, 6}
{ 159,   15,   14,  -68,  159,   15,   14,  -68,  159,   15,   14,  -68,  159,   15,   14,  -68,      8,    60,   6, 6, 6, 6}
{  14,  -68,   14,  -68,   14,  -68,   14,  -68,   14,  -68,   14,  -68,   14,  -68,   14,  -68,      9,   120,   3, 3, 3, 3}
{  14,  -68,  143, -127,   14,  -68,  143, -127,   14,  -68,  143, -127,   14,  -68,  143, -127,      8,    60,   0, 0, 0, 0}
{ 143, -127,  143, -127,  143, -127,  143, -127,  143, -127,  143, -127,  143, -127,  143, -127,      9,    80,   0, 0, 0, 0}
{ 143, -127,  304,  -51,  143, -127,  304,  -51,  143, -127,  304,  -51,  143, -127,  304,  -51,      8,    60,   2, 2, 2, 2}
{ 304,  -51,  306,   35,  304,  -51,  306,   35,  304,  -51,  306,   35,  304,  -51,  306,   35,      8,    40,   3, 3, 3, 3}
{ 306,   35,  306,   35,  306,   35,  306,   35,  306,   35,  306,   35,  306,   35,  306,   35,      9,   140,   3, 3, 3, 3}
{ 306,   35,  470,   27,  306,   35,  470,   27,  306,   35,  470,   27,  306,   35,  470,   27,      8,    50,   1, 1, 1, 1}
{ 470,   27,  470,   27,  470,   27,  470,   27,  470,   27,  470,   27,  470,   27,  470,   27,      9,    80,   1, 1, 1, 1}
{ 470,   27,  162,  186,  470,   27,  162,  186,  470,   27,  162,  186,  470,   27,  162,  186,      8,   100,   4, 4, 4, 4}
{ 162,  184,  162,  184,  162,  184,  162,  184,  162,  184,  162,  184,  162,  184,  162,  184,      9,    80,   4, 4, 4, 4}
{ 162,  184,  157,  128,  162,  184,  157,  128,  162,  184,  157,  128,  162,  184,  157,  128,      8,    30,   7, 7, 7, 7}
{ 157,  128,   45,   74,  157,  128,   45,   74,  157,  128,   45,   74,  157,  128,   45,   74,      8,    30,   6, 6, 6, 6}
{  45,   74,   45,   74,   45,   74,   45,   74,   45,   74,   45,   74,   45,   74,   45,   74,      9,    80,   6, 6, 6, 6}
{  45,   74, -100,   66,   45,   74, -100,   66,   45,   74, -100,   66,   45,   74, -100,   66,      8,    40,   5, 5, 5, 5}
{-100,   66, -100,   66, -100,   66, -100,   66, -100,   66, -100,   66, -100,   66, -100,   66,      9,   120,   0, 0, 0, 0}
{-100,   66, -146,   36, -100,   66, -146,   36, -100,   66, -146,   36, -100,   66, -146,   36,      8,    10,   6, 6, 6, 6}
{-146,   36, -146,   36, -146,   36, -146,   36, -146,   36, -146,   36, -146,   36, -146,   36,      9,    80,   3, 3, 3, 3}
{-146,   36,  146,   30, -146,   36,  146,   30, -146,   36,  146,   30, -146,   36,  146,   30,      8,    80,   1, 1, 1, 1}

; Phase 1
{17}(@)
;        North                    East                   South                     West                             Facing
;----------------------  ----------------------  ----------------------  ----------------------                    rotations
;    start      finish       start      finish       start      finish       start      finish                    ----------
;   x,    y,    x,    y,    x,    y,    x,    y,    x,    y,    x,    y,    x,    y,    x,    y,   look, ticks,   n, e, s, w
{ -13,   11,  -13,   11,  -13,   11,  -13,   11,  -13,   11,  -13,   11,  -13,   11,  -13,   11,      2,    80,   2, 2, 2, 2}
{ -13,   11,  -13,   11,  -13,   11,  -13,   11,  -13,   11,  -13,   11,  -13,   11,  -13,   11,      3,   120,   0, 0, 0, 0}
{ -13,   11,  136,  -65,  -13,   11,  136,  -65,  -13,   11,  136,  -65,  -13,   11,  136,  -65,      1,    60,   0, 0, 0, 0}
{ 136,  -65,  136,  -65,  136,  -65,  136,  -65,  136,  -65,  136,  -65,  136,  -65,  136,  -65,      2,    90,   0, 0, 0, 0}
{ 143,  -64,  143,  -64,  143,  -64,  143,  -64,  143,  -64,  143,  -64,  143,  -64,  143,  -64,      3,   110,   1, 1, 1, 1}
{ 146,  -65,  208,  -34,  146,  -65,  208,  -34,  146,  -65,  208,  -34,  146,  -65,  208,  -34,      1,    30,   2, 2, 2, 2}
{ 208,  -34,  208,  -34,  208,  -34,  208,  -34,  208,  -34,  208,  -34,  208,  -34,  208,  -34,      3,   120,   3, 3, 3, 3}
{ 205,  -43,  316,   12,  205,  -43,  316,   12,  205,  -43,  316,   12,  205,  -43,  316,   12,      1,    40,   2, 2, 2, 2}
{ 316,   12,  316,   12,  316,   12,  316,   12,  316,   12,  316,   12,  316,   12,  316,   12,      2,    80,   4, 4, 4, 4}
{ 316,   12,  310,   50,  316,   12,  310,   50,  316,   12,  310,   50,  316,   12,  310,   50,      1,    10,   3, 3, 3, 3}
{ 310,   50,  177,  122,  310,   50,  177,  122,  310,   50,  177,  122,  310,   50,  177,  122,      1,    50,   4, 4, 4, 4}
{ 177,  122,  177,  122,  177,  122,  177,  122,  177,  122,  177,  122,  177,  122,  177,  122,      2,   100,   3, 3, 3, 3}
{ 177,  122,  177,  122,  177,  122,  177,  122,  177,  122,  177,  122,  177,  122,  177,  122,      3,    80,   6, 6, 6, 6}
{ 177,  122,  177,  122,  177,  122,  177,  122,  177,  122,  177,  122,  177,  122,  177,  122,      3,    80,   2, 2, 2, 2}
{ 185,  113,   68,   41,  185,  113,   68,   41,  185,  113,   68,   41,  185,  113,   68,   41,      1,    60,   6, 6, 6, 6}
{  68,   41,   68,   41,   68,   41,   68,   41,   68,   41,   68,   41,   68,   41,   68,   41,      2,    90,   6, 6, 6, 6}
{  68,   41,   68,   41,   68,   41,   68,   41,   68,   41,   68,   41,   68,   41,   68,   41,      3,    80,   1, 1, 1, 1}

; Phase 2
{27}(@)
;        North                    East                   South                     West                             Facing
;----------------------  ----------------------  ----------------------  ----------------------                    rotations
;    start      finish       start      finish       start      finish       start      finish                    ----------
;   x,    y,    x,    y,    x,    y,    x,    y,    x,    y,    x,    y,    x,    y,    x,    y,   look, ticks,   n, e, s, w
{ -38,   34,   48,   75,  -38,   34,   48,   75,  -38,   34,   48,   75,  -38,   34,   48,   75,      8,    40,   2, 2, 2, 2}
{  48,   75,  128,   71,   48,   75,  128,   71,   48,   75,  128,   71,   48,   75,  128,   71,      8,    30,   1, 1, 1, 1}
{ 128,   71,  128,   71,  128,   71,  128,   71,  128,   71,  128,   71,  128,   71,  128,   71,      9,   120,   1, 1, 1, 1}
{ 128,   71,  128,   71,  128,   71,  128,   71,  128,   71,  128,   71,  128,   71,  128,   71,     10,    80,   7, 7, 7, 7}
{ 128,   71,  177,   91,  128,   71,  177,   91,  128,   71,  177,   91,  128,   71,  177,   91,      8,    20,   2, 2, 2, 2}
{ 177,   91,  210,   75,  177,   91,  210,   75,  177,   91,  210,   75,  177,   91,  210,   75,      8,    20,   0, 0, 0, 0}
{ 210,   75,  210,   75,  210,   75,  210,   75,  210,   75,  210,   75,  210,   75,  210,   75,      9,   100,   6, 6, 6, 6}
{ 210,   75,  210,   75,  210,   75,  210,   75,  210,   75,  210,   75,  210,   75,  210,   75,     10,   130,   6, 6, 6, 6}
{ 210,   75,  288,   72,  210,   75,  288,   72,  210,   75,  288,   72,  210,   75,  288,   72,      8,    15,   1, 1, 1, 1}
{ 288,   72,  331,   47,  288,   72,  331,   47,  288,   72,  331,   47,  288,   72,  331,   47,      8,    20,   0, 0, 0, 0}
{ 331,   47,  322,    3,  331,   47,  322,    3,  331,   47,  322,    3,  331,   47,  322,    3,     11,    20,   6, 6, 6, 6}
{ 317,   -1,  317,   -1,  317,   -1,  317,   -1,  317,   -1,  317,   -1,  317,   -1,  317,   -1,      9,    80,   6, 6, 6, 6}
{ 317,   -1,  300,  -45,  317,   -1,  300,  -45,  317,   -1,  300,  -45,  317,   -1,  300,  -45,     11,    10,   4, 4, 4, 4}
{ 300,  -45,  261,  -31,  300,  -45,  261,  -31,  300,  -45,  261,  -31,  300,  -45,  261,  -31,      8,    20,   4, 4, 4, 4}
{ 261,  -31,  261,  -31,  261,  -31,  261,  -31,  261,  -31,  261,  -31,  261,  -31,  261,  -31,      9,   130,   5, 5, 5, 5}
{ 261,  -31,  261,  -31,  261,  -31,  261,  -31,  261,  -31,  261,  -31,  261,  -31,  261,  -31,     10,    80,   6, 6, 6, 6}
{ 261,  -31,  240,  -77,  261,  -31,  240,  -77,  261,  -31,  240,  -77,  261,  -31,  240,  -77,     11,    10,   6, 6, 6, 6}
{ 240,  -77,  176,  -46,  240,  -77,  176,  -46,  240,  -77,  176,  -46,  240,  -77,  176,  -46,      8,    30,   4, 4, 4, 4}
{ 176,  -46,   84,  -96,  176,  -46,   84,  -96,  176,  -46,   84,  -96,  176,  -46,   84,  -96,      8,    40,   6, 6, 6, 6}
{  76,  -93,   76,  -93,   76,  -93,   76,  -93,   76,  -93,   76,  -93,   76,  -93,   76,  -93,      9,   120,   2, 2, 2, 2}
{  76,  -93,   49,  -76,   76,  -93,   49,  -76,   76,  -93,   49,  -76,   76,  -93,   49,  -76,      8,    10,   4, 4, 4, 4}
{  42,  -68,   43,   -5,   42,  -68,   43,   -5,   42,  -68,   43,   -5,   42,  -68,   43,   -5,     11,    20,   0, 0, 0, 0}
{  43,   -5,   76,   -8,   43,   -5,   76,   -8,   43,   -5,   76,   -8,   43,   -5,   76,   -8,      8,    10,   1, 1, 1, 1}
{  76,   -8,   76,   -8,   76,   -8,   76,   -8,   76,   -8,   76,   -8,   76,   -8,   76,   -8,     10,   130,   1, 1, 1, 1}
{  76,   -8,   76,   -8,   76,   -8,   76,   -8,   76,   -8,   76,   -8,   76,   -8,   76,   -8,      9,    90,   0, 0, 0, 0}
{  76,   -8,   55,   76,   76,   -8,   55,   76,   76,   -8,   55,   76,   76,   -8,   55,   76,     11,    20,   0, 0, 0, 0}
{  55,   76,  -55,   18,   55,   76,  -55,   18,   55,   76,  -55,   18,   55,   76,  -55,   18,      8,    40,   6, 6, 6, 6}

; Phase 3
{31}(@)
;        North                    East                   South                     West                             Facing
;----------------------  ----------------------  ----------------------  ----------------------                    rotations
;    start      finish       start      finish       start      finish       start      finish                    ----------
;   x,    y,    x,    y,    x,    y,    x,    y,    x,    y,    x,    y,    x,    y,    x,    y,   look, ticks,   n, e, s, w
{ -74,   12,   55,   89,  -74,   12,   55,   89,  -74,   12,   55,   89,  -74,   12,   55,   89,      1,    50,   2, 2, 2, 2}
{  55,   89,   67,   19,   55,   89,   67,   19,   55,   89,   67,   19,   55,   89,   67,   19,      4,    20,   0, 0, 0, 0}
{  74,   14,   74,   14,   74,   14,   74,   14,   74,   14,   74,   14,   74,   14,   74,   14,      2,    90,   0, 0, 0, 0}
{  77,   11,   66,  -63,   77,   11,   66,  -63,   77,   11,   66,  -63,   77,   11,   66,  -63,      4,    20,   6, 6, 6, 6}
{  66,  -63,   40,  -79,   66,  -63,   40,  -79,   66,  -63,   40,  -79,   66,  -63,   40,  -79,      1,    10,   6, 6, 6, 6}
{  40,  -79,   40,  -79,   40,  -79,   40,  -79,   40,  -79,   40,  -79,   40,  -79,   40,  -79,      2,   120,   7, 7, 7, 7}
{  40,  -79,   40,  -79,   40,  -79,   40,  -79,   40,  -79,   40,  -79,   40,  -79,   40,  -79,      3,    80,   0, 0, 0, 0}
{  49,  -88,  190,  -13,   49,  -88,  190,  -13,   49,  -88,  190,  -13,   49,  -88,  190,  -13,      1,    70,   2, 2, 2, 2}
{ 190,  -13,  210,  -26,  190,  -13,  210,  -26,  190,  -13,  210,  -26,  190,  -13,  210,  -26,      1,    10,   0, 0, 0, 0}
{ 202,  -34,  202,  -34,  202,  -34,  202,  -34,  202,  -34,  202,  -34,  202,  -34,  202,  -34,      2,    80,   6, 6, 6, 6}
{ 183,  -47,  180, -100,  183,  -47,  180, -100,  183,  -47,  180, -100,  183,  -47,  180, -100,      4,    20,   6, 6, 6, 6}
{ 180, -100,  180, -100,  180, -100,  180, -100,  180, -100,  180, -100,  180, -100,  180, -100,      2,   110,   6, 6, 6, 6}
{ 180, -100,  180, -100,  180, -100,  180, -100,  180, -100,  180, -100,  180, -100,  180, -100,      3,   110,   7, 7, 7, 7}
{ 180, -100,  224, -124,  180, -100,  224, -124,  180, -100,  224, -124,  180, -100,  224, -124,      1,    20,   0, 0, 0, 0}
{ 224, -124,  223, -153,  224, -124,  223, -153,  224, -124,  223, -153,  224, -124,  223, -153,      1,    10,   7, 7, 7, 7}
{ 223, -153,  223, -153,  223, -153,  223, -153,  223, -153,  223, -153,  223, -153,  223, -153,      2,    80,   1, 1, 1, 1}
{ 238, -146,  238, -146,  238, -146,  238, -146,  238, -146,  238, -146,  238, -146,  238, -146,      3,    90,   1, 1, 1, 1}
{ 238, -146,  168, -186,  238, -146,  168, -186,  238, -146,  168, -186,  238, -146,  168, -186,      1,    40,   6, 6, 6, 6}
{ 167, -182,  167, -182,  167, -182,  167, -182,  167, -182,  167, -182,  167, -182,  167, -182,      3,   130,   1, 1, 1, 1}
{ 167, -182,  167, -182,  167, -182,  167, -182,  167, -182,  167, -182,  167, -182,  167, -182,      2,    80,   6, 6, 6, 6}
{ 167, -182,  127, -159,  167, -182,  127, -159,  167, -182,  127, -159,  167, -182,  127, -159,      1,    20,   4, 4, 4, 4}
{ 122, -161,  122, -161,  122, -161,  122, -161,  122, -161,  122, -161,  122, -161,  122, -161,      3,   110,   5, 5, 5, 5}
{ 122, -161,  122, -140,  122, -161,  122, -140,  122, -161,  122, -140,  122, -161,  122, -140,      1,    10,   3, 3, 3, 3}
{ 122, -140,  122, -140,  122, -140,  122, -140,  122, -140,  122, -140,  122, -140,  122, -140,      2,    80,   3, 3, 3, 3}
{ 122, -140,  122, -140,  122, -140,  122, -140,  122, -140,  122, -140,  122, -140,  122, -140,      3,   100,   5, 5, 5, 5}
{ 122, -140,  180, -113,  122, -140,  180, -113,  122, -140,  180, -113,  122, -140,  180, -113,      1,    30,   2, 2, 2, 2}
{ 180, -113,  204,  -30,  180, -113,  204,  -30,  180, -113,  204,  -30,  180, -113,  204,  -30,      4,    30,   6, 6, 6, 6}
{ 204,  -30,  217,  -18,  204,  -30,  217,  -18,  204,  -30,  217,  -18,  204,  -30,  217,  -18,      1,     5,   2, 2, 2, 2}
{ 217,  -18,  230,   98,  217,  -18,  230,   98,  217,  -18,  230,   98,  217,  -18,  230,   98,      4,    30,   6, 6, 6, 6}
{ 230,   98,  160,  135,  230,   98,  160,  135,  230,   98,  160,  135,  230,   98,  160,  135,      1,    20,   4, 4, 4, 4}
{ 160,  135,  -66,    8,  160,  135,  -66,    8,  160,  135,  -66,    8,  160,  135,  -66,    8,      1,   100,   6, 6, 6, 6}

; Phase 4
{34}(@)
;        North                    East                   South                     West                             Facing
;----------------------  ----------------------  ----------------------  ----------------------                    rotations
;    start      finish       start      finish       start      finish       start      finish                    ----------
;   x,    y,    x,    y,    x,    y,    x,    y,    x,    y,    x,    y,    x,    y,    x,    y,   look, ticks,   n, e, s, w
{ -96,    4,   60,   82,  -96,    4,   60,   82,  -96,    4,   60,   82,  -96,    4,   60,   82,      8,    70,   2, 2, 2, 2}
{  60,   82,   71,   23,   60,   82,   71,   23,   60,   82,   71,   23,   60,   82,   71,   23,     11,    20,   0, 0, 0, 0}
{  71,   23,   18,   -2,   71,   23,   18,   -2,   71,   23,   18,   -2,   71,   23,   18,   -2,      8,    30,   6, 6, 6, 6}
{  18,   -2,   28,  -41,   18,   -2,   28,  -41,   18,   -2,   28,  -41,   18,   -2,   28,  -41,     11,    20,   0, 0, 0, 0}
{  28,  -41,    1,  -51,   28,  -41,    1,  -51,   28,  -41,    1,  -51,   28,  -41,    1,  -51,      8,    10,   6, 6, 6, 6}
{   1,  -51,   14, -129,    1,  -51,   14, -129,    1,  -51,   14, -129,    1,  -51,   14, -129,     11,    20,   0, 0, 0, 0}
{  14, -129,  120,  -75,   14, -129,  120,  -75,   14, -129,  120,  -75,   14, -129,  120,  -75,      8,    40,   2, 2, 2, 2}
{ 120,  -75,  120,  -75,  120,  -75,  120,  -75,  120,  -75,  120,  -75,  120,  -75,  120,  -75,      9,   110,   0, 0, 0, 0}
{ 120,  -75,  120,  -75,  120,  -75,  120,  -75,  120,  -75,  120,  -75,  120,  -75,  120,  -75,     10,    80,   7, 7, 7, 7}
{ 120,  -75,  156,  -58,  120,  -75,  156,  -58,  120,  -75,  156,  -58,  120,  -75,  156,  -58,      8,    10,   2, 2, 2, 2}
{ 156,  -58,  200,  -64,  156,  -58,  200,  -64,  156,  -58,  200,  -64,  156,  -58,  200,  -64,      8,    10,   1, 1, 1, 1}
{ 200,  -64,  200,  -64,  200,  -64,  200,  -64,  200,  -64,  200,  -64,  200,  -64,  200,  -64,     10,    90,   6, 6, 6, 6}
{ 200,  -64,  245,  -67,  200,  -64,  245,  -67,  200,  -64,  245,  -67,  200,  -64,  245,  -67,      8,    10,   1, 1, 1, 1}
{ 245,  -67,  245, -132,  245,  -67,  245, -132,  245,  -67,  245, -132,  245,  -67,  245, -132,      8,    30,   7, 7, 7, 7}
{ 245, -132,  245, -132,  245, -132,  245, -132,  245, -132,  245, -132,  245, -132,  245, -132,      9,   120,   6, 6, 6, 6}
{ 245, -132,  245, -132,  245, -132,  245, -132,  245, -132,  245, -132,  245, -132,  245, -132,     10,    80,   7, 7, 7, 7}
{ 245, -132,  186, -103,  245, -132,  186, -103,  245, -132,  186, -103,  245, -132,  186, -103,      8,    30,   4, 4, 4, 4}
{ 186, -103,  186, -103,  186, -103,  186, -103,  186, -103,  186, -103,  186, -103,  186, -103,     10,    90,   6, 6, 6, 6}
{ 162, -109,  162, -109,  162, -109,  162, -109,  162, -109,  162, -109,  162, -109,  162, -109,      9,   110,   0, 0, 0, 0}
{ 162, -109,  113, -140,  162, -109,  113, -140,  162, -109,  113, -140,  162, -109,  113, -140,      8,    20,   6, 6, 6, 6}
{ 113, -140,  114, -197,  113, -140,  114, -197,  113, -140,  114, -197,  113, -140,  114, -197,     11,    20,   6, 6, 6, 6}
{ 106, -208,  106, -208,  106, -208,  106, -208,  106, -208,  106, -208,  106, -208,  106, -208,      9,   130,   0, 0, 0, 0}
{ 106, -208,  106, -208,  106, -208,  106, -208,  106, -208,  106, -208,  106, -208,  106, -208,     10,    80,   0, 0, 0, 0}
{ 106, -208,   71, -232,  106, -208,   71, -232,  106, -208,   71, -232,  106, -208,   71, -232,      8,    10,   6, 6, 6, 6}
{  77, -229,   77, -229,   77, -229,   77, -229,   77, -229,   77, -229,   77, -229,   77, -229,     10,    90,   1, 1, 1, 1}
{  77, -229,   77, -229,   77, -229,   77, -229,   77, -229,   77, -229,   77, -229,   77, -229,      9,   100,   1, 1, 1, 1}
{  76, -207,   54, -107,   76, -207,   54, -107,   76, -207,   54, -107,   76, -207,   54, -107,     11,    30,   0, 0, 0, 0}
{  54, -107,   13, -130,   54, -107,   13, -130,   54, -107,   13, -130,   54, -107,   13, -130,      8,    15,   6, 6, 6, 6}
{  13, -130,    0,  -50,   13, -130,    0,  -50,   13, -130,    0,  -50,   13, -130,    0,  -50,     11,    30,   0, 0, 0, 0}
{   0,  -50,   26,  -37,    0,  -50,   26,  -37,    0,  -50,   26,  -37,    0,  -50,   26,  -37,      8,    10,   2, 2, 2, 2}
{  26,  -37,   21,    3,   26,  -37,   21,    3,   26,  -37,   21,    3,   26,  -37,   21,    3,     11,    20,   0, 0, 0, 0}
{  21,    3,   72,   26,   21,    3,   72,   26,   21,    3,   72,   26,   21,    3,   72,   26,      8,    20,   2, 2, 2, 2}
{  72,   26,   63,   80,   72,   26,   63,   80,   72,   26,   63,   80,   72,   26,   63,   80,     11,    20,   0, 0, 0, 0}
{  63,   80,  -82,    2,   63,   80,  -82,    2,   63,   80,  -82,    2,   63,   80,  -82,    2,      8,    70,   6, 6, 6, 6}

; Phase 5
{33}(@)
;        North                    East                   South                     West                             Facing
;----------------------  ----------------------  ----------------------  ----------------------                    rotations
;    start      finish       start      finish       start      finish       start      finish                    ----------
;   x,    y,    x,    y,    x,    y,    x,    y,    x,    y,    x,    y,    x,    y,    x,    y,   look, ticks,   n, e, s, w
{-160,   25,  144,  177, -160,   25,  144,  177, -160,   25,  144,  177, -160,   25,  144,  177,      1,   120,   2, 2, 2, 2}
{ 144,  177,  207,  134,  144,  177,  207,  134,  144,  177,  207,  134,  144,  177,  207,  134,      1,    30,   0, 0, 0, 0}
{ 207,  134,  168,  117,  207,  134,  168,  117,  207,  134,  168,  117,  207,  134,  168,  117,      1,    20,   6, 6, 6, 6}
{ 168,  117,  158, -100,  168,  117,  158, -100,  168,  117,  158, -100,  168,  117,  158, -100,      4,    70,   6, 6, 6, 6}
{ 155, -106,  155, -106,  155, -106,  155, -106,  155, -106,  155, -106,  155, -106,  155, -106,      3,    80,   7, 7, 7, 7}
{ 155, -106,  263, -101,  155, -106,  263, -101,  155, -106,  263, -101,  155, -106,  263, -101,      1,    40,   1, 1, 1, 1}
{ 263, -101,  278, -118,  263, -101,  278, -118,  263, -101,  278, -118,  263, -101,  278, -118,      1,    10,   0, 0, 0, 0}
{ 278, -118,  289, -169,  278, -118,  289, -169,  278, -118,  289, -169,  278, -118,  289, -169,      4,    20,   0, 0, 0, 0}
{ 289, -169,  287, -209,  289, -169,  287, -209,  289, -169,  287, -209,  289, -169,  287, -209,      4,    20,   6, 6, 6, 6}
{ 287, -209,  270, -222,  287, -209,  270, -222,  287, -209,  270, -222,  287, -209,  270, -222,      1,     5,   6, 6, 6, 6}
{ 270, -222,  270, -222,  270, -222,  270, -222,  270, -222,  270, -222,  270, -222,  270, -222,      3,    80,   6, 6, 6, 6}
{ 270, -222,  249, -268,  270, -222,  249, -268,  270, -222,  249, -268,  270, -222,  249, -268,      4,    20,   6, 6, 6, 6}
{ 242, -266,  242, -266,  242, -266,  242, -266,  242, -266,  242, -266,  242, -266,  242, -266,      2,   120,   6, 6, 6, 6}
{ 242, -266,  242, -266,  242, -266,  242, -266,  242, -266,  242, -266,  242, -266,  242, -266,      3,    80,   4, 4, 4, 4}
{ 242, -266,  185, -296,  242, -266,  185, -296,  242, -266,  185, -296,  242, -266,  185, -296,      1,    30,   6, 6, 6, 6}
{ 185, -296,  185, -296,  185, -296,  185, -296,  185, -296,  185, -296,  185, -296,  185, -296,      3,    80,   6, 6, 6, 6}
{ 182, -289,  182, -289,  182, -289,  182, -289,  182, -289,  182, -289,  182, -289,  182, -289,      2,   110,   5, 5, 5, 5}
{ 174, -298,  117, -269,  174, -298,  117, -269,  174, -298,  117, -269,  174, -298,  117, -269,      1,    30,   4, 4, 4, 4}
{ 121, -262,  121, -262,  121, -262,  121, -262,  121, -262,  121, -262,  121, -262,  121, -262,      3,    80,   1, 1, 1, 1}
{ 121, -262,  169, -242,  121, -262,  169, -242,  121, -262,  169, -242,  121, -262,  169, -242,      1,    20,   2, 2, 2, 2}
{ 169, -240,  170, -240,  169, -240,  170, -240,  169, -240,  170, -240,  169, -240,  170, -240,      2,   110,   1, 1, 1, 1}
{ 170, -240,  127, -260,  170, -240,  127, -260,  170, -240,  127, -260,  170, -240,  127, -260,      1,    20,   6, 6, 6, 6}
{ 124, -256,  100, -207,  124, -256,  100, -207,  124, -256,  100, -207,  124, -256,  100, -207,      4,    20,   0, 0, 0, 0}
{ 100, -207,   74, -211,  100, -207,   74, -211,  100, -207,   74, -211,  100, -207,   74, -211,      1,    10,   5, 5, 5, 5}
{  74, -211,   53, -103,   74, -211,   53, -103,   74, -211,   53, -103,   74, -211,   53, -103,      4,    30,   0, 0, 0, 0}
{  53, -103,   15, -127,   53, -103,   15, -127,   53, -103,   15, -127,   53, -103,   15, -127,      1,    20,   6, 6, 6, 6}
{  15, -127,    1,  -50,   15, -127,    1,  -50,   15, -127,    1,  -50,   15, -127,    1,  -50,      4,    30,   0, 0, 0, 0}
{   1,  -50,   27,  -37,    1,  -50,   27,  -37,    1,  -50,   27,  -37,    1,  -50,   27,  -37,      1,    10,   2, 2, 2, 2}
{  27,  -37,   22,    4,   27,  -37,   22,    4,   27,  -37,   22,    4,   27,  -37,   22,    4,      4,    20,   0, 0, 0, 0}
{  22,    4,   75,   26,   22,    4,   75,   26,   22,    4,   75,   26,   22,    4,   75,   26,      1,    20,   2, 2, 2, 2}
{  75,   26,   65,   84,   75,   26,   65,   84,   75,   26,   65,   84,   75,   26,   65,   84,      4,    20,   0, 0, 0, 0}
{  65,   84,  -59,   80,   65,   84,  -59,   80,   65,   84,  -59,   80,   65,   84,  -59,   80,      1,    50,   5, 5, 5, 5}
{ -59,   80, -159,   32,  -59,   80, -159,   32,  -59,   80, -159,   32,  -59,   80, -159,   32,      1,    60,   6, 6, 6, 6}

; Phase 6
{32}(@)
;        North                    East                   South                     West                             Facing
;----------------------  ----------------------  ----------------------  ----------------------                    rotations
;    start      finish       start      finish       start      finish       start      finish                    ----------
;   x,    y,    x,    y,    x,    y,    x,    y,    x,    y,    x,    y,    x,    y,    x,    y,   look, ticks,   n, e, s, w
{-155,   29,  -62,   78, -155,   29,  -62,   78, -155,   29,  -62,   78, -155,   29,  -62,   78,      8,    50,   2, 2, 2, 2}
{ -62,   78,   66,   82,  -62,   78,   66,   82,  -62,   78,   66,   82,  -62,   78,   66,   82,      8,    40,   1, 1, 1, 1}
{  63,   81,   76,   23,   63,   81,   76,   23,   63,   81,   76,   23,   63,   81,   76,   23,     11,    16,   0, 0, 0, 0}
{  75,   24,   19,    1,   75,   24,   19,    1,   75,   24,   19,    1,   75,   24,   19,    1,      8,    20,   6, 6, 6, 6}
{  19,    1,   26,  -40,   19,    1,   26,  -40,   19,    1,   26,  -40,   19,    1,   26,  -40,     11,    16,   0, 0, 0, 0}
{  28,  -38,    2,  -51,   28,  -38,    2,  -51,   28,  -38,    2,  -51,   28,  -38,    2,  -51,      8,     8,   6, 6, 6, 6}
{   2,  -51,   23, -167,    2,  -51,   23, -167,    2,  -51,   23, -167,    2,  -51,   23, -167,     11,    30,   0, 0, 0, 0}
{  23, -167,   63, -151,   23, -167,   63, -151,   23, -167,   63, -151,   23, -167,   63, -151,      8,    16,   2, 2, 2, 2}
{  63, -151,   96, -295,   63, -151,   96, -295,   63, -151,   96, -295,   63, -151,   96, -295,     11,    30,   0, 0, 0, 0}
{ 108, -307,  108, -307,  108, -307,  108, -307,  108, -307,  108, -307,  108, -307,  108, -307,      9,   110,   0, 0, 0, 0}
{ 108, -307,  108, -307,  108, -307,  108, -307,  108, -307,  108, -307,  108, -307,  108, -307,     10,    80,   0, 0, 0, 0}
{ 124, -322,  124, -322,  124, -322,  124, -322,  124, -322,  124, -322,  124, -322,  124, -322,     10,    80,   0, 0, 0, 0}
{ 133, -305,  133, -305,  133, -305,  133, -305,  133, -305,  133, -305,  133, -305,  133, -305,      9,   120,   0, 0, 0, 0}
{ 133, -305,  169, -288,  133, -305,  169, -288,  133, -305,  169, -288,  133, -305,  169, -288,      8,    10,   2, 2, 2, 2}
{ 169, -288,  169, -288,  169, -288,  169, -288,  169, -288,  169, -288,  169, -288,  169, -288,     10,   100,   7, 7, 7, 7}
{ 169, -288,  169, -288,  169, -288,  169, -288,  169, -288,  169, -288,  169, -288,  169, -288,      9,    80,   0, 0, 0, 0}
{ 169, -288,  225, -318,  169, -288,  225, -318,  169, -288,  225, -318,  169, -288,  225, -318,      8,    24,   0, 0, 0, 0}
{ 225, -318,  225, -318,  225, -318,  225, -318,  225, -318,  225, -318,  225, -318,  225, -318,      9,   110,   0, 0, 0, 0}
{ 225, -318,  225, -318,  225, -318,  225, -318,  225, -318,  225, -318,  225, -318,  225, -318,     10,    80,   6, 6, 6, 6}
{ 225, -318,  202, -361,  225, -318,  202, -361,  225, -318,  202, -361,  225, -318,  202, -361,     11,    14,   6, 6, 6, 6}
{ 202, -361,  202, -361,  202, -361,  202, -361,  202, -361,  202, -361,  202, -361,  202, -361,      9,    80,   6, 6, 6, 6}
{ 183, -383,  183, -383,  183, -383,  183, -383,  183, -383,  183, -383,  183, -383,  183, -383,      9,    80,   6, 6, 6, 6}
{ 183, -383,  256, -281,  183, -383,  256, -281,  183, -383,  256, -281,  183, -383,  256, -281,     11,    26,   6, 6, 6, 6}
{ 256, -281,  230, -268,  256, -281,  230, -268,  256, -281,  230, -268,  256, -281,  230, -268,      8,    10,   4, 4, 4, 4}
{ 237, -266,  260,  -93,  237, -266,  260,  -93,  237, -266,  260,  -93,  237, -266,  260,  -93,     11,    50,   6, 6, 6, 6}
{ 260,  -93,  304, -128,  260,  -93,  304, -128,  260,  -93,  304, -128,  260,  -93,  304, -128,      8,    20,   0, 0, 0, 0}
{ 304, -128,  310,  -31,  304, -128,  310,  -31,  304, -128,  310,  -31,  304, -128,  310,  -31,     11,    26,   6, 6, 6, 6}
{ 310,  -31,  265,   -7,  310,  -31,  265,   -7,  310,  -31,  265,   -7,  310,  -31,  265,   -7,      8,    14,   4, 4, 4, 4}
{ 265,   -7,  272,   88,  265,   -7,  272,   88,  265,   -7,  272,   88,  265,   -7,  272,   88,     11,    30,   6, 6, 6, 6}
{ 272,   88,  180,  134,  272,   88,  180,  134,  272,   88,  180,  134,  272,   88,  180,  134,      8,    40,   4, 4, 4, 4}
{ 180,  134,   34,  132,  180,  134,   34,  132,  180,  134,   34,  132,  180,  134,   34,  132,      8,    50,   5, 5, 5, 5}
{  34,  132, -171,   25,   34,  132, -171,   25,   34,  132, -171,   25,   34,  132, -171,   25,      8,    90,   6, 6, 6, 6}

; Phase 7
{32}(@)
;        North                    East                   South                     West                             Facing
;----------------------  ----------------------  ----------------------  ----------------------                    rotations
;    start      finish       start      finish       start      finish       start      finish                    ----------
;   x,    y,    x,    y,    x,    y,    x,    y,    x,    y,    x,    y,    x,    y,    x,    y,   look, ticks,   n, e, s, w
{-155,   29,  -62,   78, -155,   29,  -62,   78, -155,   29,  -62,   78, -155,   29,  -62,   78,      1,    50,   2, 2, 2, 2}
{ -62,   78,   66,   82,  -62,   78,   66,   82,  -62,   78,   66,   82,  -62,   78,   66,   82,      1,    40,   1, 1, 1, 1}
{  63,   81,   76,   23,   63,   81,   76,   23,   63,   81,   76,   23,   63,   81,   76,   23,      4,    16,   0, 0, 0, 0}
{  75,   24,   19,    1,   75,   24,   19,    1,   75,   24,   19,    1,   75,   24,   19,    1,      1,    20,   6, 6, 6, 6}
{  19,    1,   26,  -40,   19,    1,   26,  -40,   19,    1,   26,  -40,   19,    1,   26,  -40,      4,    16,   0, 0, 0, 0}
{  28,  -38,    2,  -51,   28,  -38,    2,  -51,   28,  -38,    2,  -51,   28,  -38,    2,  -51,      1,     8,   6, 6, 6, 6}
{   2,  -51,   23, -167,    2,  -51,   23, -167,    2,  -51,   23, -167,    2,  -51,   23, -167,      4,    30,   0, 0, 0, 0}
{  23, -167,   63, -151,   23, -167,   63, -151,   23, -167,   63, -151,   23, -167,   63, -151,      1,    16,   2, 2, 2, 2}
{  63, -151,   96, -295,   63, -151,   96, -295,   63, -151,   96, -295,   63, -151,   96, -295,      4,    30,   0, 0, 0, 0}
{ 108, -307,  108, -307,  108, -307,  108, -307,  108, -307,  108, -307,  108, -307,  108, -307,      2,   110,   0, 0, 0, 0}
{ 108, -307,  108, -307,  108, -307,  108, -307,  108, -307,  108, -307,  108, -307,  108, -307,      3,    80,   0, 0, 0, 0}
{ 124, -322,  124, -322,  124, -322,  124, -322,  124, -322,  124, -322,  124, -322,  124, -322,      3,    80,   0, 0, 0, 0}
{ 133, -305,  133, -305,  133, -305,  133, -305,  133, -305,  133, -305,  133, -305,  133, -305,      2,   120,   0, 0, 0, 0}
{ 133, -305,  169, -288,  133, -305,  169, -288,  133, -305,  169, -288,  133, -305,  169, -288,      1,    10,   2, 2, 2, 2}
{ 169, -288,  169, -288,  169, -288,  169, -288,  169, -288,  169, -288,  169, -288,  169, -288,      3,   100,   7, 7, 7, 7}
{ 169, -288,  169, -288,  169, -288,  169, -288,  169, -288,  169, -288,  169, -288,  169, -288,      2,    80,   0, 0, 0, 0}
{ 169, -288,  225, -318,  169, -288,  225, -318,  169, -288,  225, -318,  169, -288,  225, -318,      1,    24,   0, 0, 0, 0}
{ 225, -318,  225, -318,  225, -318,  225, -318,  225, -318,  225, -318,  225, -318,  225, -318,      2,   110,   0, 0, 0, 0}
{ 225, -318,  225, -318,  225, -318,  225, -318,  225, -318,  225, -318,  225, -318,  225, -318,      3,    80,   6, 6, 6, 6}
{ 225, -318,  202, -361,  225, -318,  202, -361,  225, -318,  202, -361,  225, -318,  202, -361,      4,    14,   6, 6, 6, 6}
{ 202, -361,  202, -361,  202, -361,  202, -361,  202, -361,  202, -361,  202, -361,  202, -361,      2,    80,   6, 6, 6, 6}
{ 183, -383,  183, -383,  183, -383,  183, -383,  183, -383,  183, -383,  183, -383,  183, -383,      2,    80,   6, 6, 6, 6}
{ 183, -383,  256, -281,  183, -383,  256, -281,  183, -383,  256, -281,  183, -383,  256, -281,      4,    26,   6, 6, 6, 6}
{ 256, -281,  230, -268,  256, -281,  230, -268,  256, -281,  230, -268,  256, -281,  230, -268,      1,    10,   4, 4, 4, 4}
{ 237, -266,  260,  -93,  237, -266,  260,  -93,  237, -266,  260,  -93,  237, -266,  260,  -93,      4,    50,   6, 6, 6, 6}
{ 260,  -93,  304, -128,  260,  -93,  304, -128,  260,  -93,  304, -128,  260,  -93,  304, -128,      1,    20,   0, 0, 0, 0}
{ 304, -128,  310,  -31,  304, -128,  310,  -31,  304, -128,  310,  -31,  304, -128,  310,  -31,      4,    26,   6, 6, 6, 6}
{ 310,  -31,  265,   -7,  310,  -31,  265,   -7,  310,  -31,  265,   -7,  310,  -31,  265,   -7,      1,    14,   4, 4, 4, 4}
{ 265,   -7,  272,   88,  265,   -7,  272,   88,  265,   -7,  272,   88,  265,   -7,  272,   88,      4,    30,   6, 6, 6, 6}
{ 272,   88,  331,  112,  272,   88,  331,  112,  272,   88,  331,  112,  272,   88,  331,  112,      1,    30,   2, 2, 2, 2}
{ 331,  112,  154,  194,  331,  112,  154,  194,  331,  112,  154,  194,  331,  112,  154,  194,      1,    70,   4, 4, 4, 4}
{ 154,  194, -175,   25,  154,  194, -175,   25,  154,  194, -175,   25,  154,  194, -175,   25,      1,   130,   6, 6, 6, 6}

; Phase 8
{19}(@)
;        North                    East                   South                     West                             Facing
;----------------------  ----------------------  ----------------------  ----------------------                    rotations
;    start      finish       start      finish       start      finish       start      finish                    ----------
;   x,    y,    x,    y,    x,    y,    x,    y,    x,    y,    x,    y,    x,    y,    x,    y,   look, ticks,   n, e, s, w
{ -47,  -19,  -47,  -19,  -47,  -19,  -47,  -19,  -47,  -19,  -47,  -19,  -47,  -19,  -47,  -19,      2,    80,   1, 1, 1, 1}
{ -47,  -19,  -47,  -19,  -47,  -19,  -47,  -19,  -47,  -19,  -47,  -19,  -47,  -19,  -47,  -19,      3,   120,   2, 2, 2, 2}
{ -47,  -19,  -51,   18,  -47,  -19,  -51,   18,  -47,  -19,  -51,   18,  -47,  -19,  -51,   18,      1,    14,   3, 3, 3, 3}
{ -51,   18,  -51,   18,  -51,   18,  -51,   18,  -51,   18,  -51,   18,  -51,   18,  -51,   18,      3,   100,   0, 0, 0, 0}
{ -51,   18,  -51,   18,  -51,   18,  -51,   18,  -51,   18,  -51,   18,  -51,   18,  -51,   18,      2,    80,   3, 3, 3, 3}
{ -51,   18,  -53,   38,  -51,   18,  -53,   38,  -51,   18,  -53,   38,  -51,   18,  -53,   38,      1,     8,   3, 3, 3, 3}
{ -53,   38,   61,  104,  -53,   38,   61,  104,  -53,   38,   61,  104,  -53,   38,   61,  104,      1,    50,   2, 2, 2, 2}
{  61,  104,  258,  104,   61,  104,  258,  104,   61,  104,  258,  104,   61,  104,  258,  104,      1,    60,   1, 1, 1, 1}
{ 258,  107,  258,  107,  258,  107,  258,  107,  258,  107,  258,  107,  258,  107,  258,  107,      2,    80,   5, 5, 5, 5}
{ 258,  107,  258,  107,  258,  107,  258,  107,  258,  107,  258,  107,  258,  107,  258,  107,      2,   120,   7, 7, 7, 7}
{ 258,  107,  258,  107,  258,  107,  258,  107,  258,  107,  258,  107,  258,  107,  258,  107,      3,    90,   5, 5, 5, 5}
{ 258,  107,  326,   71,  258,  107,  326,   71,  258,  107,  326,   71,  258,  107,  326,   71,      1,    20,   0, 0, 0, 0}
{ 326,   71,  326,   71,  326,   71,  326,   71,  326,   71,  326,   71,  326,   71,  326,   71,      2,    80,   0, 0, 0, 0}
{ 326,   71,  326,   71,  326,   71,  326,   71,  326,   71,  326,   71,  326,   71,  326,   71,      3,   110,   5, 5, 5, 5}
{ 326,   71,  201,  133,  326,   71,  201,  133,  326,   71,  201,  133,  326,   71,  201,  133,      1,    60,   4, 4, 4, 4}
{ 201,  133,  201,  133,  201,  133,  201,  133,  201,  133,  201,  133,  201,  133,  201,  133,      2,   120,   6, 6, 6, 6}
{ 201,  133,   14,  125,  201,  133,   14,  125,  201,  133,   14,  125,  201,  133,   14,  125,      1,    50,   5, 5, 5, 5}
{  14,  125, -188,   28,   14,  125, -188,   28,   14,  125, -188,   28,   14,  125, -188,   28,      1,    70,   6, 6, 6, 6}
{-188,   28,  -31,  -59, -188,   28,  -31,  -59, -188,   28,  -31,  -59, -188,   28,  -31,  -59,      1,    80,   0, 0, 0, 0}

; Phase 9
{30}(@)
;        North                    East                   South                     West                             Facing
;----------------------  ----------------------  ----------------------  ----------------------                    rotations
;    start      finish       start      finish       start      finish       start      finish                    ----------
;   x,    y,    x,    y,    x,    y,    x,    y,    x,    y,    x,    y,    x,    y,    x,    y,   look, ticks,   n, e, s, w
{ -46,   10,  -46,   10,  -46,   10,  -46,   10,  -46,   10,  -46,   10,  -46,   10,  -46,   10,     17,    80,   0, 0, 0, 0}
{ -45,   10,  -45,   10,  -45,   10,  -45,   10,  -45,   10,  -45,   10,  -45,   10,  -45,   10,     17,    80,   7, 7, 7, 7}
{ -45,   10,  -28,   23,  -45,   10,  -28,   23,  -45,   10,  -28,   23,  -45,   10,  -28,   23,     15,     6,   2, 2, 2, 2}
{ -28,   23,    4,    7,  -28,   23,    4,    7,  -28,   23,    4,    7,  -28,   23,    4,    7,     15,     8,   0, 0, 0, 0}
{   4,    7,    4,    7,    4,    7,    4,    7,    4,    7,    4,    7,    4,    7,    4,    7,     17,    80,   5, 5, 5, 5}
{   4,    7,    4,    7,    4,    7,    4,    7,    4,    7,    4,    7,    4,    7,    4,    7,     17,    80,   7, 7, 7, 7}
{   4,    7,  -45,   32,    4,    7,  -45,   32,    4,    7,  -45,   32,    4,    7,  -45,   32,     15,    14,   4, 4, 4, 4}
{ -45,   32,  188,  149,  -45,   32,  188,  149,  -45,   32,  188,  149,  -45,   32,  188,  149,     15,    90,   2, 2, 2, 2}
{ 188,  149,  228,  117,  188,  149,  228,  117,  188,  149,  228,  117,  188,  149,  228,  117,     15,    10,   0, 0, 0, 0}
{ 228,  117,  228,  117,  228,  117,  228,  117,  228,  117,  228,  117,  228,  117,  228,  117,     17,    80,   5, 5, 5, 5}
{ 228,  117,  228,  117,  228,  117,  228,  117,  228,  117,  228,  117,  228,  117,  228,  117,     17,    80,   6, 6, 6, 6}
{ 228,  117,  271,  112,  228,  117,  271,  112,  228,  117,  271,  112,  228,  117,  271,  112,     15,    10,   1, 1, 1, 1}
{ 271,  112,  289,  101,  271,  112,  289,  101,  271,  112,  289,  101,  271,  112,  289,  101,     15,     4,   0, 0, 0, 0}
{ 289,  101,  297,   63,  289,  101,  297,   63,  289,  101,  297,   63,  289,  101,  297,   63,     18,    10,   0, 0, 0, 0}
{ 297,   63,  321,   46,  297,   63,  321,   46,  297,   63,  321,   46,  297,   63,  321,   46,     15,     6,   0, 0, 0, 0}
{ 321,   46,  304,    6,  321,   46,  304,    6,  321,   46,  304,    6,  321,   46,  304,    6,     18,    14,   6, 6, 6, 6}
{ 304,    6,  368,  -23,  304,    6,  368,  -23,  304,    6,  368,  -23,  304,    6,  368,  -23,     15,    30,   0, 0, 0, 0}
{ 368,  -23,  368,  -23,  368,  -23,  368,  -23,  368,  -23,  368,  -23,  368,  -23,  368,  -23,     16,    80,   5, 5, 5, 5}
{ 368,  -23,  368,  -23,  368,  -23,  368,  -23,  368,  -23,  368,  -23,  368,  -23,  368,  -23,     16,    80,   7, 7, 7, 7}
{ 386,  -12,  386,  -12,  386,  -12,  386,  -12,  386,  -12,  386,  -12,  386,  -12,  386,  -12,     16,    80,   7, 7, 7, 7}
{ 370,   -2,  370,   -2,  370,   -2,  370,   -2,  370,   -2,  370,   -2,  370,   -2,  370,   -2,     16,    80,   7, 7, 7, 7}
{ 355,  -24,  293,   11,  355,  -24,  293,   11,  355,  -24,  293,   11,  355,  -24,  293,   11,     15,    30,   4, 4, 4, 4}
{ 293,   11,  318,   49,  293,   11,  318,   49,  293,   11,  318,   49,  293,   11,  318,   49,     18,    20,   6, 6, 6, 6}
{ 308,   52,  308,   52,  308,   52,  308,   52,  308,   52,  308,   52,  308,   52,  308,   52,     17,    80,   6, 6, 6, 6}
{ 304,   52,  304,   52,  304,   52,  304,   52,  304,   52,  304,   52,  304,   52,  304,   52,     17,    80,   5, 5, 5, 5}
{ 304,   52,  304,   52,  304,   52,  304,   52,  304,   52,  304,   52,  304,   52,  304,   52,     17,    80,   7, 7, 7, 7}
{ 294,   57,  285,  105,  294,   57,  285,  105,  294,   57,  285,  105,  294,   57,  285,  105,     18,    14,   0, 0, 0, 0}
{ 285,  105,  189,  158,  285,  105,  189,  158,  285,  105,  189,  158,  285,  105,  189,  158,     15,    40,   4, 4, 4, 4}
{ 189,  158,  -92,    9,  189,  158,  -92,    9,  189,  158,  -92,    9,  189,  158,  -92,    9,     15,   100,   6, 6, 6, 6}
{ -92,    9,  -94,  -29,  -92,    9,  -94,  -29,  -92,    9,  -94,  -29,  -92,    9,  -94,  -29,     15,     6,   7, 7, 7, 7}

; Phase 10
{0}(@)
;        North                    East                   South                     West                             Facing
;----------------------  ----------------------  ----------------------  ----------------------                    rotations
;    start      finish       start      finish       start      finish       start      finish                    ----------
;   x,    y,    x,    y,    x,    y,    x,    y,    x,    y,    x,    y,    x,    y,    x,    y,   look, ticks,   n, e, s, w
