; Model\SB_PALACE_CAUSEWAY.txt

; this file is generated automatically, comments will not be preserved


; Phase 0
{12}(@)
;        North                    East                   South                     West                             Facing
;----------------------  ----------------------  ----------------------  ----------------------                    rotations
;    start      finish       start      finish       start      finish       start      finish                    ----------
;   x,    y,    x,    y,    x,    y,    x,    y,    x,    y,    x,    y,    x,    y,    x,    y,   look, ticks,   n, e, s, w
{  77,   32,   77,   32,   77,   32,   77,   32,   77,   32,   77,   32,   77,   32,   77,   32,      2,   200,   1, 0, 2, 5}
{  77,   32,   77,   32,   77,   32,   77,   32,   77,   32,   77,   32,   77,   32,   77,   32,      3,    80,   4, 2, 5, 0}
{  77,   32,  -13,   23,   77,   32,  -17,   15,   77,   32,   81,   66,   77,   32,  175,   25,      1,    40,   5, 5, 3, 1}
{ -13,   23,  -13,   23,  -17,   15,  -17,   15,   80,   66,   80,   66,  175,   26,  175,   26,      2,    90,   1, 5, 1, 0}
{ -13,   23,  -13,   23,  -20,   16,  -20,   16,   80,   66,   80,   66,  175,   26,  175,   26,      3,    80,   0, 0, 2, 3}
{ -13,   23,   81,   68,  -20,   16,   97,   48,   80,   66,  161,   29,  175,   26,   86,   74,      1,    50,   2, 1, 0, 4}
{  81,   68,   81,   68,   97,   47,   97,   48,  161,   29,  161,   29,   86,   74,   86,   74,      3,   140,   3, 0, 0, 4}
{  81,   68,  168,   26,   97,   47,   87,  -14,  161,   29,  148,  -25,   86,   74,    5,   31,      1,    50,   0, 7, 7, 6}
{ 169,   25,  169,   25,   87,  -14,   87,  -14,  148,  -25,  148,  -25,    5,   31,    5,   31,      2,    80,   0, 0, 5, 7}
{ 169,   25,   52,  -31,   87,  -14,  170,   35,  148,  -25,  -15,   -2,    6,   31,  128,  -31,      1,    70,   6, 2, 5, 0}
{  52,  -31,   52,  -31,  170,   35,  170,   35,  -15,   -2,  -15,   -2,  129,  -31,  129,  -31,      2,    80,   1, 0, 3, 0}
{  52,  -31,   52,  -31,  170,   35,  170,   35,  -15,   -2,  -15,   -2,  129,  -31,  129,  -31,      3,   100,   3, 4, 1, 5}

; Phase 1
{14}(@)
;        North                    East                   South                     West                             Facing
;----------------------  ----------------------  ----------------------  ----------------------                    rotations
;    start      finish       start      finish       start      finish       start      finish                    ----------
;   x,    y,    x,    y,    x,    y,    x,    y,    x,    y,    x,    y,    x,    y,    x,    y,   look, ticks,   n, e, s, w
{  10,   28,   10,   28,   60,   26,   60,   26,   71,   47,   71,   47,  105,   67,  105,   67,      3,   150,   0, 0, 2, 7}
{  10,   28,   69,   56,   60,   26,    0,    0,   44,   28,    0,    0,  101,   67,    7,   21,      1,    50,   2, 6, 6, 6}
{  69,   56,   69,   56,    0,    0,    0,    0,    0,    0,    0,    0,    7,   21,    7,   21,      2,    80,   2, 4, 1, 7}
{  69,   56,   69,   56,    0,    0,    0,    0,    0,    0,    0,    0,    7,   21,    7,   21,      3,   120,   0, 7, 3, 1}
{  69,   56,  169,   20,    0,    0,  146,   -3,    0,    0,  132,   -6,    7,   22,   99,  -29,      1,    50,   0, 1, 1, 0}
{ 169,   20,  169,   20,  146,   -3,  146,   -3,  132,   -6,  132,   -6,   99,  -29,   99,  -29,      3,   100,   3, 0, 2, 0}
{ 169,   20,  228,   44,  146,   -3,   54,  -40,  132,   -6,   54,   52,   99,  -29,  219,   -5,      1,    50,   2, 6, 4, 1}
{ 228,   44,  228,   44,   54,  -40,   54,  -40,   54,   52,   54,   52,  219,   -5,  219,   -5,      2,   130,   2, 0, 5, 5}
{ 228,   44,  228,   44,   54,  -40,   54,  -40,   54,   52,   54,   52,  219,   -5,  219,   -5,      3,    80,   4, 2, 7, 4}
{ 228,   44,   94,  -23,   54,  -40,   58,   76,   54,   52,   67,  -48,  219,   -5,    0,    0,      1,    80,   6, 3, 7, 5}
{  94,  -23,   94,  -23,   58,   76,   58,   76,   68,  -49,   68,  -49,    0,    0,    0,    0,      3,   140,   4, 0, 2, 1}
{  94,  -23,   94,  -23,   58,   76,   58,   76,   68,  -49,   68,  -49,    0,    0,    0,    0,      2,    80,   2, 6, 3, 2}
{  94,  -23,   55,   58,   58,   76,  -21,   37,   68,  -49,   68,   23,    0,    0,  118,   12,      1,    50,   3, 6, 3, 1}
{  55,   58,   55,   58,  -21,   37,  -21,   37,   68,   23,   68,   23,  118,   12,  118,   12,      3,    80,   0, 0, 0, 0}

; Phase 2
{4}(@)
;        North                    East                   South                     West                             Facing
;----------------------  ----------------------  ----------------------  ----------------------                    rotations
;    start      finish       start      finish       start      finish       start      finish                    ----------
;   x,    y,    x,    y,    x,    y,    x,    y,    x,    y,    x,    y,    x,    y,    x,    y,   look, ticks,   n, e, s, w
{  73,  -51,   73,  -51,   77,  -42,   77,  -42,   65,  -46,   65,  -46,   76,  -34,   76,  -34,     16,   150,   3, 0, 0, 0}
{  76,  -48,   76,  -48,   77,  -42,   77,  -42,   65,  -46,   65,  -46,   74,  -53,   74,  -53,     16,   150,   4, 3, 2, 3}
{  80,  -48,   80,  -48,   92,  -52,   92,  -52,   91,  -35,   91,  -35,   94,  -51,   94,  -51,     16,   150,   0, 3, 0, 5}
{ 119,  -25,  119,  -25,   39,  -28,   39,  -28,  116,  -27,  116,  -27,   44,  -28,   44,  -28,     17,   150,   4, 1, 5, 1}

; Phase 3
{0}(@)
;        North                    East                   South                     West                             Facing
;----------------------  ----------------------  ----------------------  ----------------------                    rotations
;    start      finish       start      finish       start      finish       start      finish                    ----------
;   x,    y,    x,    y,    x,    y,    x,    y,    x,    y,    x,    y,    x,    y,    x,    y,   look, ticks,   n, e, s, w
