; Model\SB_PALACE.txt

; this file is generated automatically, comments will not be preserved


; Phase 0
{11}(@)
;        North                    East                   South                     West                             Facing
;----------------------  ----------------------  ----------------------  ----------------------                    rotations
;    start      finish       start      finish       start      finish       start      finish                    ----------
;   x,    y,    x,    y,    x,    y,    x,    y,    x,    y,    x,    y,    x,    y,    x,    y,   look, ticks,   n, e, s, w
{  76,   16,   76,   16,   71,   24,   71,   24,   67,   44,   67,   44,   86,   21,   86,   22,      3,    60,   1, 0, 0, 0}
{  79,   24,  144,   27,   71,   24,  139,   46,   67,   44,  118,   20,   86,   22,  174,   26,      1,    20,   1, 2, 0, 1}
{ 144,   27,  144,   27,  139,   46,  139,   46,  118,   20,  118,   20,  174,   26,  174,   26,      3,   100,   0, 0, 0, 0}
{ 144,   27,  144,   27,  139,   46,  139,   46,  118,   20,  118,   20,  174,   26,  174,   26,      2,    80,   4, 3, 1, 5}
{ 144,   27,  144,   27,  140,   46,  140,   46,  118,   20,  118,   20,  174,   26,  174,   26,      3,   150,   3, 6, 4, 1}
{ 144,   27, -111,   37,  140,   46,   36,  101,  118,   20,  231,   14,  174,   26,  123,  -42,      1,    60,   5, 4, 1, 7}
{-111,   37, -111,   37,   36,  101,   36,  101,  231,   14,  231,   14,  123,  -42,  123,  -42,      2,   120,   6, 4, 0, 0}
{-111,   37, -111,   37,   36,  101,   36,  101,  231,   14,  231,   14,  123,  -42,  123,  -42,      3,    80,   7, 0, 6, 5}
{-111,   37, -111,   37,   36,  101,   36,  101,  231,   14,  231,   14,  123,  -42,  123,  -42,      2,   100,   4, 6, 2, 3}
{-111,   37, -111,   37,   36,  101,   36,  101,  231,   14,  231,   14,  123,  -42,  123,  -42,      3,   140,   2, 1, 3, 6}
{-111,   37,   79,   24,   36,  101,   51,   23,  231,   14,   91,   24,  123,  -42,   84,   28,      1,    60,   1, 7, 5, 3}

; Phase 1
{15}(@)
;        North                    East                   South                     West                             Facing
;----------------------  ----------------------  ----------------------  ----------------------                    rotations
;    start      finish       start      finish       start      finish       start      finish                    ----------
;   x,    y,    x,    y,    x,    y,    x,    y,    x,    y,    x,    y,    x,    y,    x,    y,   look, ticks,   n, e, s, w
{  87,  -13,  145,   24,   20,   14,   72,  -13,   43,    7,    6,   24,  -15,  -49,  -55,  -34,      1,    30,   2, 0, 4, 4}
{ 140,   23,  140,   23,   72,  -13,   72,  -13,    6,   23,    6,   23,  -55,  -34,  -55,  -34,      3,    80,   0, 1, 0, 1}
{ 126,    7,  126,    7,   73,  -13,   72,  -13,    6,   23,    6,   23,  -55,  -34,  -55,  -34,      2,   120,   4, 3, 3, 0}
{ 124,    6, -136,   24,   73,  -13,  -99,   75,    1,   29,  167,  -61,  -55,  -34,   40,  -85,      1,    75,   5, 4, 0, 0}
{-136,   24, -136,   24,  -83,   66,  -83,   66,  166,  -56,  166,  -56,   40,  -85,   40,  -85,      2,   100,   3, 4, 2, 1}
{-136,   24, -136,   24,  -84,   73,  -84,   73,  167,  -56,  167,  -56,   40,  -85,   40,  -85,      3,    80,   4, 2, 4, 3}
{-136,   24, -136,   24,  -90,   71,  -90,   71,  167,  -56,  167,  -56,   40,  -85,   40,  -85,      3,   130,   6, 0, 2, 1}
{-136,   24, -104,   22,  -93,   67,  -44,   45,  167,  -56,  195,  -40,   40,  -85,   75, -103,      1,    10,   1, 0, 2, 0}
{-104,   22, -104,   22,  -44,   45,  -44,   45,  195,  -40,  195,  -40,   75, -103,   75, -103,      2,   130,   1, 2, 2, 3}
{-104,   22, -104,   22,  -44,   45,  -44,   45,  195,  -40,  195,  -40,   75, -103,   75, -103,      3,    95,   7, 2, 4, 2}
{-104,   22,  -14,  -50,  -44,   45,   54,   -5,  195,  -40,  301,   12,   75, -103,  176,  -56,      1,    60,   0, 0, 2, 2}
{ -14,  -50,  -14,  -50,   54,   -5,   54,   -5,  301,   12,  301,   12,  176,  -56,  176,  -56,      2,    80,   0, 1, 5, 5}
{ -14,  -50,  -14,  -50,   54,   -5,   54,   -5,  298,   14,  298,   14,  176,  -56,  176,  -56,      3,   125,   2, 3, 3, 3}
{ -14,  -50,  100,    3,   54,   -5,  -37,   43,  298,   14,  230,  -21,  176,  -56,  258,   -8,      1,    55,   2, 4, 6, 2}
{ 100,    3,  100,    3,  -37,   43,  -37,   43,  230,  -21,  230,  -21,  249,  -11,  249,  -11,      2,   125,   2, 4, 5, 5}

; Phase 2
{8}(@)
;        North                    East                   South                     West                             Facing
;----------------------  ----------------------  ----------------------  ----------------------                    rotations
;    start      finish       start      finish       start      finish       start      finish                    ----------
;   x,    y,    x,    y,    x,    y,    x,    y,    x,    y,    x,    y,    x,    y,    x,    y,   look, ticks,   n, e, s, w
{  40,    2,  -20,  -80,   66,   -1,   55,  -35,   -3,  -20,  115,  -96,   45,   44,  170,  105,      1,    30,   5, 0, 0, 1}
{   7,  -73,  -77,  -26,   63,  -13,   63,  -13,  133,  -93,  226,  -56,  170,  105,  249,  -15,      1,    45,   1, 0, 2, 0}
{ -77,  -26,  -59,  -68,   60,   -1,   57,  -46,  232,   -3,  226,  -48,  180,  -70,  158,  -95,      4,    10,   2, 3, 4, 4}
{ -59,  -68, -136,  -29,   63,  -42,   41,  -33,  224,  -65,  266,  -40,  158,  -95,  129, -120,      1,    30,   4, 4, 2, 6}
{-136,  -29, -136,  -29,   38,  -24,   38,  -24,  266,  -40,  266,  -40,  127, -121,  127, -121,      3,   130,   7, 0, 2, 4}
{-136,  -29, -136,  -29,   51,  -34,   51,  -34,  266,  -40,  266,  -40,  127, -121,  127, -121,      2,   120,   1, 5, 0, 3}
{-136,  -29,  -67,  -47,   40,  -24,   70,  -26,  266,  -40,  203,  -57,  120, -126,   71, -149,      1,    20,   0, 1, 6, 6}
{ -67,  -47,  -67,  -47,   59,  -31,   59,  -31,  203,  -57,  203,  -57,   76, -138,   76, -138,      3,   150,   0, 0, 2, 0}

; Phase 3
{6}(@)
;        North                    East                   South                     West                             Facing
;----------------------  ----------------------  ----------------------  ----------------------                    rotations
;    start      finish       start      finish       start      finish       start      finish                    ----------
;   x,    y,    x,    y,    x,    y,    x,    y,    x,    y,    x,    y,    x,    y,    x,    y,   look, ticks,   n, e, s, w
{  16,  -75,   96,  -58,   13,  -39,   69,  -62,  115,  -47,   52,  -59,  124,  -71,   54,  -64,     15,    30,   2, 0, 5, 5}
{ 102,  -54,   86,  -76,   75,  -44,   77,  -83,   70,  -46,   66,  -82,   65,  -58,   70,  -93,     18,    10,   5, 3, 1, 0}
{  86,  -77,   86,  -76,   80,  -79,   80,  -79,   64,  -77,   64,  -77,   70,  -93,   70,  -93,     17,   150,   5, 3, 1, 0}
{  85,  -77,   93,  -52,   78,  -80,   84,  -27,   64,  -89,   61,  -53,   70,  -93,   62,  -53,     18,    10,   5, 3, 2, 0}
{  93,  -52,   93,  -52,   80,  -27,   80,  -27,   44,  -59,   44,  -59,   53,  -59,   53,  -59,     16,    80,   4, 0, 1, 7}
{  93,  -52,   45,  -79,   80,  -27,   80,  -27,   54,  -54,  117,  -55,   53,  -59,  121,  -61,     15,    30,   5, 0, 1, 1}

; Phase 4
{0}(@)
;        North                    East                   South                     West                             Facing
;----------------------  ----------------------  ----------------------  ----------------------                    rotations
;    start      finish       start      finish       start      finish       start      finish                    ----------
;   x,    y,    x,    y,    x,    y,    x,    y,    x,    y,    x,    y,    x,    y,    x,    y,   look, ticks,   n, e, s, w
