; Model\SB_TEMPLE_CENTERA.txt

; this file is generated automatically, comments will not be preserved


; Phase 0
{1}(@)
;        North                    East                   South                     West                             Facing
;----------------------  ----------------------  ----------------------  ----------------------                    rotations
;    start      finish       start      finish       start      finish       start      finish                    ----------
;   x,    y,    x,    y,    x,    y,    x,    y,    x,    y,    x,    y,    x,    y,    x,    y,   look, ticks,   n, e, s, w
{ 237,  -22,  237,  -22,  237,  -22,  237,  -22,  237,  -22,  237,  -22,  237,  -22,  237,  -22,      2,   200,   4, 0, 0, 0}

; Phase 1
{16}(@)
;        North                    East                   South                     West                             Facing
;----------------------  ----------------------  ----------------------  ----------------------                    rotations
;    start      finish       start      finish       start      finish       start      finish                    ----------
;   x,    y,    x,    y,    x,    y,    x,    y,    x,    y,    x,    y,    x,    y,    x,    y,   look, ticks,   n, e, s, w
{ 234,   17,  234,   17,  234,   18,  234,   17,  234,   18,  234,   17,  234,   18,  234,   17,      2,    80,   1, 1, 1, 1}
{ 234,   18,  234,   17,  234,   18,  234,   17,  234,   18,  234,   17,  234,   18,  234,   17,      3,   120,   4, 4, 5, 4}
{ 234,   17,   33,   21,  234,   18,   37,   27,  234,   18,   52,   29,  234,   18,   39,   29,      1,    70,   5, 5, 5, 5}
{  33,   21,   33,   21,   37,   27,   37,   27,   52,   29,   52,   29,   39,   29,   39,   29,      3,    80,   5, 5, 5, 5}
{  36,   33,   36,   33,   37,   27,   37,   27,   52,   29,   52,   29,   39,   29,   39,   29,      2,    80,   2, 0, 2, 2}
{  36,   33,  194,  100,   37,   27,  202,  113,   52,   29,  194,  111,   39,   29,  193,  112,      1,    80,   2, 2, 2, 2}
{ 194,  100,  194,  100,  202,  113,  202,  113,  194,  111,  194,  111,  193,  112,  193,  112,      2,   150,   0, 0, 0, 0}
{ 194,  100,  194,  100,  202,  113,  202,  113,  194,  111,  194,  111,  193,  112,  193,  112,      3,    90,   3, 3, 3, 3}
{ 194,  100,  304,  103,  202,  113,  298,  106,  194,  111,  285,  111,  193,  112,  283,  109,      1,    30,   1, 1, 1, 1}
{ 304,  103,  387,   54,  298,  106,  383,   60,  280,  112,  387,   56,  283,  109,  389,   56,      1,    40,   0, 0, 0, 0}
{ 387,   54,  387,   54,  388,   57,  388,   57,  387,   56,  387,   56,  389,   56,  389,   56,      3,   110,   0, 0, 0, 0}
{ 387,   54,  387,   54,  388,   57,  388,   57,  387,   56,  387,   56,  389,   56,  389,   56,      3,    80,   3, 3, 3, 3}
{ 387,   54,  234,  -26,  398,   53,  233,  -29,  387,   56,  230,  -24,  389,   56,  234,  -22,      1,    80,   6, 6, 6, 6}
{ 234,  -26,  236,  -80,  233,  -29,  238,  -76,  230,  -24,  237,  -71,  234,  -22,  239,  -77,      1,    20,   7, 7, 7, 7}
{ 236,  -80,  236,  -80,  238,  -76,  238,  -76,  237,  -71,  237,  -71,  239,  -77,  239,  -77,      2,    90,   7, 7, 7, 7}
{ 236,  -80,  236,  -80,  238,  -76,  238,  -76,  237,  -71,  237,  -71,  240,  -77,  240,  -77,      3,   130,   4, 4, 4, 4}

; Phase 2
{16}(@)
;        North                    East                   South                     West                             Facing
;----------------------  ----------------------  ----------------------  ----------------------                    rotations
;    start      finish       start      finish       start      finish       start      finish                    ----------
;   x,    y,    x,    y,    x,    y,    x,    y,    x,    y,    x,    y,    x,    y,    x,    y,   look, ticks,   n, e, s, w
{ 241,    1,  241,    1,  241,    0,  241,    0,  240,    3,  240,    3,  242,    3,  242,    3,      3,   120,   6, 6, 6, 6}
{ 241,    1,  177,   28,  240,    1,  177,   27,  240,    4,  184,   28,  242,    3,  187,   28,      1,    40,   4, 4, 4, 4}
{ 177,   28,  177,   28,  177,   27,  177,   27,  184,   28,  184,   28,  187,   28,  187,   28,      3,   120,   6, 6, 6, 6}
{ 177,   28,  129,   42,  177,   27,  137,   44,  184,   28,  142,   50,  187,   28,  145,   46,      1,    10,   4, 4, 4, 4}
{ 129,   42,   97,   26,  137,   44,   98,   23,  142,   50,  104,   29,  145,   46,  101,   26,      1,    10,   6, 6, 6, 6}
{  97,   26,   97,   26,   98,   28,   98,   28,  104,   29,  104,   29,  101,   26,  101,   26,      3,    80,   6, 6, 6, 6}
{  97,   26,   98,   62,   98,   28,  100,   62,  104,   29,  107,   67,  101,   26,  102,   67,      1,    10,   3, 3, 3, 3}
{  98,   62,  211,  115,  100,   62,  203,  115,  107,   67,  199,  113,  102,   67,  192,  113,      1,    50,   2, 2, 2, 2}
{ 211,  115,  211,  115,  203,  115,  203,  115,  199,  113,  199,  113,  195,  113,  195,  113,      2,   100,   2, 2, 2, 2}
{ 211,  115,  211,  115,  203,  115,  203,  115,  199,  113,  199,  113,  195,  113,  195,  113,      3,   130,   4, 5, 4, 4}
{ 211,  115,  294,  106,  191,  109,  288,  113,  199,  113,  279,  116,  195,  113,  305,  107,      1,    20,   1, 1, 1, 1}
{ 294,  106,  294,  106,  288,  113,  288,  113,  279,  116,  279,  116,  305,  107,  305,  107,      2,    90,   1, 1, 1, 1}
{ 294,  106,  297,    5,  288,  113,  296,    6,  279,  116,  296,    0,  305,  107,  301,    4,      1,    60,   7, 7, 7, 7}
{ 297,    5,  245,  -60,  296,    6,  248,  -59,  296,    0,  253,  -61,  301,    4,  249,  -69,      1,    20,   6, 6, 6, 6}
{ 245,  -60,  245,  -60,  248,  -59,  248,  -59,  253,  -61,  253,  -61,  249,  -69,  249,  -69,      2,   130,   6, 6, 6, 6}
{ 245,  -60,  245,  -60,  248,  -59,  248,  -59,  253,  -61,  253,  -61,  249,  -69,  249,  -69,      3,    80,   0, 0, 0, 0}

; Phase 3
{27}(@)
;        North                    East                   South                     West                             Facing
;----------------------  ----------------------  ----------------------  ----------------------                    rotations
;    start      finish       start      finish       start      finish       start      finish                    ----------
;   x,    y,    x,    y,    x,    y,    x,    y,    x,    y,    x,    y,    x,    y,    x,    y,   look, ticks,   n, e, s, w
{ 448,    4,  442,   47,  451,   11,  448,   46,  443,    3,  442,   51,  451,    8,  446,   44,      1,    20,   3, 3, 3, 3}
{ 442,   47,  252,  143,  448,   46,  255,  138,  442,   51,  254,  135,  445,   44,  253,  139,      1,    80,   4, 4, 4, 4}
{ 252,  143,  196,  115,  255,  138,  197,  114,  254,  135,  198,  113,  253,  139,  197,  114,      1,    30,   6, 6, 6, 6}
{ 196,  115,  194,   77,  197,  114,  190,   73,  198,  113,  196,   73,  200,  114,  187,   70,      4,    10,   6, 6, 6, 6}
{ 194,   77,  100,   14,  190,   73,  109,   24,  190,   69,  106,   10,  187,   70,  100,   16,      1,    40,   6, 6, 6, 6}
{ 100,   14,  100,   14,  110,   24,  110,   24,  105,   18,  105,   18,  108,   24,  108,   24,      3,   110,   0, 0, 0, 0}
{ 100,   14,  184,   57,  110,   24,  184,   53,  105,   17,  189,   55,  108,   24,  187,   58,      1,    50,   2, 2, 2, 2}
{ 184,   57,  184,   57,  186,   55,  186,   55,  189,   55,  189,   55,  187,   58,  187,   58,      3,    80,   0, 0, 0, 0}
{ 184,   57,  230,   75,  186,   55,  232,   74,  189,   55,  235,   75,  187,   58,  231,   75,      1,    20,   2, 2, 2, 2}
{ 230,   75,  241,   31,  237,   74,  238,   38,  235,   75,  242,   34,  238,   74,  243,   37,      4,    10,   0, 0, 0, 0}
{ 241,   31,  307,   18,  247,   30,  300,   19,  242,   34,  300,   19,  244,   31,  302,   19,      1,    20,   1, 0, 0, 0}
{ 307,   18,  307,   18,  300,   19,  300,   19,  301,   19,  301,   19,  302,   19,  302,   19,      2,    90,   0, 0, 0, 0}
{ 307,   18,  378,  -36,  300,   19,  370,  -35,  301,   19,  369,  -35,  302,   19,  365,  -29,      1,    50,   0, 0, 0, 0}
{ 367,  -40,  367,  -40,  368,  -39,  368,  -39,  369,  -38,  369,  -38,  368,  -39,  368,  -39,      2,   130,   7, 7, 7, 7}
{ 367,  -40,  360,  -90,  369,  -38,  365,  -89,  369,  -38,  362,  -88,  362,  -31,  359,  -91,      1,    20,   7, 7, 7, 7}
{ 355,  -87,  355,  -87,  351,  -87,  351,  -87,  359,  -88,  359,  -88,  357,  -89,  357,  -89,      2,    80,   4, 4, 4, 4}
{ 355,  -87,  226, -109,  354,  -92,  215, -122,  355,  -97,  221, -114,  345,  -92,  205, -115,      1,    50,   5, 5, 5, 5}
{ 225, -116,  225, -116,  223, -119,  223, -119,  221, -119,  221, -119,  213, -117,  213, -117,      2,   100,   3, 3, 3, 3}
{ 225, -116,  236,  -68,  223, -119,  229,  -68,  227, -115,  229,  -75,  220, -123,  229,  -67,      1,    30,   3, 3, 3, 3}
{ 226,  -63,  226,  -63,  230,  -68,  230,  -68,  222,  -66,  222,  -66,  223,  -65,  223,  -65,      2,   140,   4, 4, 4, 4}
{ 238,  -70,  244,   30,  250,  -77,  246,   34,  238,  -77,  251,   35,  244,  -65,  244,   38,      1,    50,   3, 3, 3, 3}
{ 244,   30,  233,   79,  246,   34,  234,   77,  240,   24,  235,   78,  243,   45,  235,   79,      4,    10,   0, 0, 0, 0}
{ 233,   79,  183,   69,  234,   77,  189,   68,  235,   78,  184,   65,  235,   78,  190,   68,      1,    20,   5, 5, 5, 5}
{ 183,   69,  199,  119,  189,   68,  197,  116,  184,   65,  197,  120,  190,   68,  197,  117,      4,    10,   6, 6, 6, 6}
{ 199,  119,  244,  143,  197,  117,  248,  148,  196,  120,  242,  146,  197,  117,  247,  144,      1,    20,   2, 2, 2, 2}
{ 244,  143,  483,   20,  246,  144,  481,   23,  242,  146,  484,   25,  247,  144,  480,   26,      1,    90,   0, 0, 0, 0}
{ 483,   20,  442,    2,  489,   22,  436,   -1,  484,   25,  446,    4,  480,   26,  444,    6,      1,    20,   6, 6, 6, 6}

; Phase 4
{1}(@)
;        North                    East                   South                     West                             Facing
;----------------------  ----------------------  ----------------------  ----------------------                    rotations
;    start      finish       start      finish       start      finish       start      finish                    ----------
;   x,    y,    x,    y,    x,    y,    x,    y,    x,    y,    x,    y,    x,    y,    x,    y,   look, ticks,   n, e, s, w
{ 205,  -20,  205,  -20,  205,  -20,  205,  -20,  205,  -20,  205,  -20,  205,  -20,  205,  -20,      3,   200,   1, 0, 0, 0}

; Phase 5
{1}(@)
;        North                    East                   South                     West                             Facing
;----------------------  ----------------------  ----------------------  ----------------------                    rotations
;    start      finish       start      finish       start      finish       start      finish                    ----------
;   x,    y,    x,    y,    x,    y,    x,    y,    x,    y,    x,    y,    x,    y,    x,    y,   look, ticks,   n, e, s, w
{ 236,  -63,  236,  -63,  236,  -63,  236,  -63,  236,  -63,  236,  -63,  236,  -63,  236,  -63,     16,   100,   6, 0, 0, 0}

; Phase 6
{1}(@)
;        North                    East                   South                     West                             Facing
;----------------------  ----------------------  ----------------------  ----------------------                    rotations
;    start      finish       start      finish       start      finish       start      finish                    ----------
;   x,    y,    x,    y,    x,    y,    x,    y,    x,    y,    x,    y,    x,    y,    x,    y,   look, ticks,   n, e, s, w
{ 284,  -83,  284,  -83,  284,  -83,  284,  -83,  284,  -83,  284,  -83,  284,  -83,  284,  -83,     16,   200,   5, 0, 0, 0}

; Phase 7
{1}(@)
;        North                    East                   South                     West                             Facing
;----------------------  ----------------------  ----------------------  ----------------------                    rotations
;    start      finish       start      finish       start      finish       start      finish                    ----------
;   x,    y,    x,    y,    x,    y,    x,    y,    x,    y,    x,    y,    x,    y,    x,    y,   look, ticks,   n, e, s, w
{ 277,   55,  277,   55,  277,   55,  277,   55,  277,   55,  277,   55,  277,   55,  277,   55,      3,   100,   5, 0, 0, 0}

; Phase 8
{0}(@)
;        North                    East                   South                     West                             Facing
;----------------------  ----------------------  ----------------------  ----------------------                    rotations
;    start      finish       start      finish       start      finish       start      finish                    ----------
;   x,    y,    x,    y,    x,    y,    x,    y,    x,    y,    x,    y,    x,    y,    x,    y,   look, ticks,   n, e, s, w
