; Model\SB_TEMPLE_CENTER.txt

; this file is generated automatically, comments will not be preserved


; Phase 0
{1}(@)
;        North                    East                   South                     West                             Facing
;----------------------  ----------------------  ----------------------  ----------------------                    rotations
;    start      finish       start      finish       start      finish       start      finish                    ----------
;   x,    y,    x,    y,    x,    y,    x,    y,    x,    y,    x,    y,    x,    y,    x,    y,   look, ticks,   n, e, s, w
{  80,   -4,   80,   -4,   80,   -4,   80,   -4,   80,   -4,   80,   -4,   80,   -4,   80,   -4,      2,   200,   4, 0, 0, 0}

; Phase 1
{14}(@)
;        North                    East                   South                     West                             Facing
;----------------------  ----------------------  ----------------------  ----------------------                    rotations
;    start      finish       start      finish       start      finish       start      finish                    ----------
;   x,    y,    x,    y,    x,    y,    x,    y,    x,    y,    x,    y,    x,    y,    x,    y,   look, ticks,   n, e, s, w
{ 160,  -27,  160,  -27,  118,  -11,  118,  -11,  123,   -9,  123,  -10,  114,   -9,  114,   -9,      2,    90,   4, 5, 0, 0}
{ 160,  -27,  160,  -27,  116,  -11,  116,  -11,  123,  -10,  123,  -10,  114,   -9,  114,   -9,      3,   120,   6, 0, 3, 4}
{ 160,  -27,  250,   11,  116,  -11,  201,   28,  123,  -10,  199,   25,  114,   -9,  193,   30,      1,    50,   2, 2, 2, 2}
{ 250,   11,  250,   11,  198,   27,  198,   27,  199,   25,  199,   25,  193,   30,  193,   30,      2,   150,   2, 0, 1, 1}
{ 250,   11,  250,   11,  198,   27,  198,   27,  199,   25,  199,   25,  193,   30,  193,   30,      3,    80,   3, 1, 5, 4}
{ 250,   11,  163,   52,  198,   27,  114,   69,  199,   25,  116,   68,  193,   30,  115,   72,      1,    50,   4, 4, 4, 4}
{ 163,   52,  163,   52,  114,   69,  114,   69,  116,   68,  116,   68,  115,   72,  115,   72,      2,    80,   6, 3, 3, 5}
{ 163,   52,  160,   91,  114,   69,  157,   93,  116,   68,  163,   90,  115,   72,  158,   94,      1,    20,   3, 2, 2, 2}
{ 160,   91,  160,   91,  167,   90,  167,   90,  163,   90,  163,   90,  158,   94,  159,   94,      3,   110,   3, 0, 1, 1}
{ 160,   91,   34,   29,  167,   90,   35,   24,  163,   90,   39,   32,  159,   94,   37,   33,      1,    70,   6, 6, 6, 6}
{  34,   29,   34,   29,   35,   25,   35,   25,   39,   32,   39,   32,   37,   33,   37,   33,      2,   120,   6, 0, 6, 7}
{  34,   29,   34,   29,   35,   25,   35,   25,   39,   32,   39,   32,   37,   33,   37,   33,      3,    80,   4, 5, 0, 4}
{  34,   29,  118,  -12,   35,   25,  160,   23,   39,   32,  158,   27,   38,   37,  157,   31,      1,    50,   0, 1, 1, 1}
{ 118,  -12,  118,  -12,  160,   23,  160,   23,  158,   27,  158,   27,  157,   31,  157,   31,      3,   130,   5, 0, 0, 0}

; Phase 2
{20}(@)
;        North                    East                   South                     West                             Facing
;----------------------  ----------------------  ----------------------  ----------------------                    rotations
;    start      finish       start      finish       start      finish       start      finish                    ----------
;   x,    y,    x,    y,    x,    y,    x,    y,    x,    y,    x,    y,    x,    y,    x,    y,   look, ticks,   n, e, s, w
{ 129,   17,  129,   17,  126,   20,  126,   20,  129,   23,  129,   23,  130,   24,  130,   24,      3,    80,   7, 7, 7, 7}
{ 129,   11,  187,  -51,  126,   20,  181,  -51,  129,   23,  180,  -53,  130,   24,  177,  -49,      1,    30,   0, 0, 0, 0}
{ 187,  -51,  187,  -51,  181,  -51,  181,  -51,  180,  -53,  180,  -53,  177,  -49,  177,  -49,      2,    90,   0, 0, 0, 0}
{ 187,  -51,  187,  -51,  181,  -51,  181,  -51,  178,  -53,  178,  -53,  177,  -49,  177,  -49,      3,   130,   0, 5, 5, 5}
{ 187,  -51,  250,  -25,  181,  -51,  239,  -24,  178,  -53,  239,  -23,  177,  -49,  237,  -17,      1,    40,   2, 2, 2, 2}
{ 250,  -25,  250,  -25,  239,  -24,  239,  -24,  234,  -23,  234,  -23,  237,  -17,  237,  -17,      2,   110,   2, 2, 2, 2}
{ 250,  -25,  250,  -25,  239,  -24,  239,  -24,  234,  -23,  234,  -23,  237,  -17,  237,  -17,      3,    80,   0, 4, 4, 4}
{ 250,  -25,  205,  -45,  239,  -24,  183,  -51,  234,  -23,  183,  -49,  237,  -17,  181,  -47,      1,    40,   6, 6, 6, 6}
{ 205,  -45,  132,   26,  183,  -51,  131,   15,  183,  -49,  140,   17,  181,  -47,  142,   26,      1,    30,   4, 4, 4, 4}
{ 132,   26,  195,   62,  131,   15,  191,   73,  140,   17,  184,   68,  141,   25,  192,   79,      1,    30,   2, 2, 2, 2}
{ 195,   62,  195,   62,  191,   74,  191,   74,  186,   71,  186,   71,  192,   79,  192,   79,      3,    90,   0, 7, 0, 0}
{ 195,   62,  165,  102,  191,   73,  167,   99,  186,   71,  162,   99,  192,   79,  164,   96,      1,    10,   3, 4, 4, 4}
{ 165,  102,  150,   56,  167,   99,  148,   48,  162,   99,  150,   57,  168,   96,  151,   50,      4,     5,   6, 6, 6, 6}
{ 150,   56,   74,   20,  148,   48,   75,   15,  150,   57,   71,   16,  151,   50,   70,   13,      1,    50,   6, 6, 6, 6}
{  74,   20,   74,   20,   78,   16,   78,   16,   71,   17,   71,   17,   70,   13,   70,   13,      2,    80,   6, 6, 6, 6}
{  74,   20,   74,   20,   78,   16,   78,   16,   71,   17,   71,   17,   70,   13,   70,   13,      3,   120,   4, 4, 4, 4}
{  74,   20,  148,   55,   78,   16,  148,   50,   71,   17,  149,   57,   70,   13,  149,   56,      1,    50,   2, 2, 2, 2}
{ 148,   55,  158,  101,  148,   50,  163,   97,  149,   57,  162,   96,  149,   56,  162,  100,      4,     5,   6, 6, 6, 6}
{ 158,  101,  166,   19,  163,   97,  165,   15,  162,   96,  163,   18,  162,  100,  165,   18,      1,    30,   7, 7, 7, 7}
{ 166,   19,  166,   19,  165,   15,  165,   15,  163,   17,  163,   17,  165,   18,  165,   18,      2,   120,   7, 7, 7, 7}

; Phase 3
{21}(@)
;        North                    East                   South                     West                             Facing
;----------------------  ----------------------  ----------------------  ----------------------                    rotations
;    start      finish       start      finish       start      finish       start      finish                    ----------
;   x,    y,    x,    y,    x,    y,    x,    y,    x,    y,    x,    y,    x,    y,    x,    y,   look, ticks,   n, e, s, w
{ 323,   20,  256,   55,  320,   20,  257,   54,  322,   20,  258,   56,  324,   20,  259,   56,      1,    30,   4, 4, 4, 4}
{ 256,   55,  252,   20,  257,   54,  251,   15,  258,   56,  251,   13,  259,   56,  252,   15,      4,    20,   6, 6, 6, 6}
{ 252,   20,  218,   27,  251,   15,  223,   29,  251,   13,  222,   32,  252,   15,  218,   30,      1,    10,   4, 4, 4, 4}
{ 218,   27,  218,   27,  223,   29,  223,   29,  222,   32,  222,   32,  218,   30,  218,   30,      3,   120,   6, 6, 6, 6}
{ 218,   27,  153,   51,  223,   29,  153,   55,  222,   32,  153,   53,  218,   30,  153,   53,      1,    30,   4, 4, 4, 4}
{ 153,   51,   75,    9,  153,   55,   60,    9,  153,   53,   57,    8,  153,   53,   61,    9,      1,    50,   6, 6, 6, 6}
{  75,    9,   75,    9,   60,    9,   60,    9,   57,    8,   57,    8,   61,    9,   61,    9,      2,    80,   7, 7, 7, 7}
{  75,    9,   75,    9,   60,    9,   60,    9,   57,    8,   57,    8,   61,    9,   61,    9,      3,   100,   0, 0, 0, 0}
{  75,    9,  115,   39,   60,    9,  107,   34,   57,    8,  112,   36,   61,    9,  114,   36,      1,    30,   2, 2, 2, 2}
{ 115,   39,  129,  -22,  113,   39,  127,  -20,  112,   36,  119,  -21,  114,   36,  125,  -22,      4,    20,   0, 0, 0, 0}
{ 129,  -22,   64,  -55,  127,  -20,   62,  -55,  133,  -20,   58,  -60,  125,  -21,   59,  -56,      1,    40,   6, 6, 6, 6}
{  64,  -55,   64,  -55,   62,  -55,   62,  -55,   57,  -57,   57,  -57,   59,  -56,   59,  -56,      2,    80,   6, 7, 7, 7}
{  64,  -55,   64,  -55,   62,  -55,   62,  -55,   57,  -57,   57,  -57,   59,  -56,   59,  -56,      3,   130,   7, 0, 0, 0}
{  64,  -55,  163,  -95,   61,  -52,  162,  -91,   60,  -55,  161,  -91,   59,  -56,  158,  -90,      1,    50,   0, 0, 0, 0}
{ 163,  -95,  163,  -95,  162,  -91,  162,  -91,  161,  -91,  161,  -91,  158,  -90,  158,  -90,      3,   110,   6, 6, 6, 6}
{ 163,  -95,  231,  -49,  162,  -91,  233,  -53,  161,  -91,  234,  -54,  158,  -90,  235,  -56,      1,    40,   2, 2, 2, 2}
{ 231,  -49,  231,  -49,  233,  -53,  233,  -53,  231,  -49,  231,  -49,  236,  -50,  236,  -50,      3,    80,   0, 0, 0, 0}
{ 231,  -49,  250,   16,  228,  -46,  249,   12,  229,  -45,  248,   15,  229,  -44,  248,   13,      4,    20,   6, 6, 6, 6}
{ 250,   16,  255,   58,  249,   12,  254,   57,  248,   15,  252,   56,  246,   15,  255,   59,      4,     5,   6, 6, 6, 6}
{ 255,   58,  318,   19,  254,   57,  322,   22,  254,   58,  325,   20,  255,   59,  321,   22,      1,    30,   0, 0, 0, 0}
{ 323,   17,  301,    6,  322,   22,  302,    9,  325,   20,  300,    7,  321,   22,  300,   11,      1,     5,   6, 6, 6, 6}

; Phase 4
{21}(@)
;        North                    East                   South                     West                             Facing
;----------------------  ----------------------  ----------------------  ----------------------                    rotations
;    start      finish       start      finish       start      finish       start      finish                    ----------
;   x,    y,    x,    y,    x,    y,    x,    y,    x,    y,    x,    y,    x,    y,    x,    y,   look, ticks,   n, e, s, w
{ 323,   20,  256,   55,  320,   20,  257,   54,  322,   20,  258,   56,  324,   20,  259,   56,      1,    30,   4, 4, 4, 4}
{ 256,   55,  252,   20,  257,   54,  251,   15,  258,   56,  251,   13,  259,   56,  252,   15,      4,    20,   6, 6, 6, 6}
{ 252,   20,  218,   27,  251,   15,  223,   29,  251,   13,  222,   32,  252,   15,  218,   30,      1,    10,   4, 4, 4, 4}
{ 218,   27,  218,   27,  223,   29,  223,   29,  222,   32,  222,   32,  218,   30,  218,   30,      3,   120,   6, 6, 6, 6}
{ 218,   27,  153,   51,  223,   29,  153,   55,  222,   32,  153,   53,  218,   30,  153,   53,      1,    30,   4, 4, 4, 4}
{ 153,   51,   75,    9,  153,   55,   60,    9,  153,   53,   57,    8,  153,   53,   61,    9,      1,    50,   6, 6, 6, 6}
{  75,    9,   75,    9,   60,    9,   60,    9,   57,    8,   57,    8,   61,    9,   61,    9,      2,    80,   7, 7, 7, 7}
{  75,    9,   75,    9,   60,    9,   60,    9,   57,    8,   57,    8,   61,    9,   61,    9,      3,   100,   0, 0, 0, 0}
{  75,    9,  115,   39,   60,    9,  107,   34,   57,    8,  112,   36,   61,    9,  114,   36,      1,    30,   2, 2, 2, 2}
{ 115,   39,  129,  -22,  113,   39,  127,  -20,  112,   36,  119,  -21,  114,   36,  125,  -22,      4,    20,   0, 0, 0, 0}
{ 129,  -22,   64,  -55,  127,  -20,   62,  -55,  133,  -20,   58,  -60,  125,  -21,   59,  -56,      1,    40,   6, 6, 6, 6}
{  64,  -55,   64,  -55,   62,  -55,   62,  -55,   57,  -57,   57,  -57,   59,  -56,   59,  -56,      2,    80,   6, 7, 7, 7}
{  64,  -55,   64,  -55,   62,  -55,   62,  -55,   57,  -57,   57,  -57,   59,  -56,   59,  -56,      3,   130,   7, 0, 0, 0}
{  64,  -55,  163,  -95,   61,  -52,  162,  -91,   60,  -55,  161,  -91,   59,  -56,  158,  -90,      1,    50,   0, 0, 0, 0}
{ 163,  -95,  163,  -95,  162,  -91,  162,  -91,  161,  -91,  161,  -91,  158,  -90,  158,  -90,      3,   110,   6, 6, 6, 6}
{ 163,  -95,  231,  -49,  162,  -91,  233,  -53,  161,  -91,  234,  -54,  158,  -90,  235,  -56,      1,    40,   2, 2, 2, 2}
{ 231,  -49,  231,  -49,  233,  -53,  233,  -53,  231,  -49,  231,  -49,  236,  -50,  236,  -50,      3,    80,   0, 0, 0, 0}
{ 231,  -49,  250,   16,  228,  -46,  249,   12,  229,  -45,  248,   15,  229,  -44,  248,   13,      4,    20,   6, 6, 6, 6}
{ 250,   16,  255,   58,  249,   12,  254,   57,  248,   15,  252,   56,  246,   15,  255,   59,      4,    20,   6, 6, 6, 6}
{ 255,   58,  318,   19,  254,   57,  322,   22,  254,   58,  325,   20,  255,   59,  321,   22,      1,    30,   0, 0, 0, 0}
{ 323,   17,  301,    6,  322,   22,  302,    9,  325,   20,  300,    7,  321,   22,  300,   11,      1,     5,   6, 6, 6, 6}

; Phase 5
{21}(@)
;        North                    East                   South                     West                             Facing
;----------------------  ----------------------  ----------------------  ----------------------                    rotations
;    start      finish       start      finish       start      finish       start      finish                    ----------
;   x,    y,    x,    y,    x,    y,    x,    y,    x,    y,    x,    y,    x,    y,    x,    y,   look, ticks,   n, e, s, w
{ 323,   20,  256,   55,  320,   20,  257,   54,  322,   20,  258,   56,  324,   20,  259,   56,     15,    30,   4, 4, 4, 4}
{ 256,   55,  252,   20,  257,   54,  251,   15,  258,   56,  251,   13,  259,   56,  252,   15,     18,    20,   6, 6, 6, 6}
{ 252,   20,  218,   27,  251,   15,  223,   29,  251,   13,  222,   32,  252,   15,  218,   30,     15,    10,   4, 4, 4, 4}
{ 218,   27,  218,   27,  223,   29,  223,   29,  222,   32,  222,   32,  218,   30,  218,   30,     16,   120,   6, 6, 6, 6}
{ 218,   27,  153,   51,  223,   29,  153,   55,  222,   32,  153,   53,  218,   30,  153,   53,     15,    30,   4, 4, 4, 4}
{ 153,   51,   75,    9,  153,   55,   60,    9,  153,   53,   57,    8,  153,   53,   61,    9,     15,    50,   6, 6, 6, 6}
{  75,    9,   75,    9,   60,    9,   60,    9,   57,    8,   57,    8,   61,    9,   61,    9,     16,    80,   7, 7, 7, 7}
{  75,    9,   75,    9,   60,    9,   60,    9,   57,    8,   57,    8,   61,    9,   61,    9,     17,   100,   0, 0, 0, 0}
{  75,    9,  115,   39,   60,    9,  107,   34,   57,    8,  112,   36,   61,    9,  114,   36,     15,    30,   2, 2, 2, 2}
{ 115,   39,  129,  -22,  113,   39,  127,  -20,  112,   36,  119,  -21,  114,   36,  125,  -22,     18,    20,   0, 0, 0, 0}
{ 129,  -22,   64,  -55,  127,  -20,   62,  -55,  133,  -20,   58,  -60,  125,  -21,   59,  -56,     15,    40,   6, 6, 6, 6}
{  64,  -55,   64,  -55,   62,  -55,   62,  -55,   57,  -57,   57,  -57,   59,  -56,   59,  -56,     16,    80,   6, 7, 7, 7}
{  64,  -55,   64,  -55,   62,  -55,   62,  -55,   57,  -57,   57,  -57,   59,  -56,   59,  -56,     17,   130,   7, 0, 0, 0}
{  64,  -55,  163,  -95,   61,  -52,  162,  -91,   60,  -55,  161,  -91,   59,  -56,  158,  -90,     15,    50,   0, 0, 0, 0}
{ 163,  -95,  163,  -95,  162,  -91,  162,  -91,  161,  -91,  161,  -91,  158,  -90,  158,  -90,     17,   110,   6, 6, 6, 6}
{ 163,  -95,  231,  -49,  162,  -91,  233,  -53,  161,  -91,  234,  -54,  158,  -90,  235,  -56,     15,    40,   2, 2, 2, 2}
{ 231,  -49,  231,  -49,  233,  -53,  233,  -53,  231,  -49,  231,  -49,  236,  -50,  236,  -50,     17,    80,   0, 0, 0, 0}
{ 231,  -49,  250,   16,  228,  -46,  249,   12,  229,  -45,  248,   15,  229,  -44,  248,   13,     18,    20,   6, 6, 6, 6}
{ 250,   16,  255,   58,  249,   12,  254,   57,  248,   15,  252,   56,  246,   15,  255,   59,     18,    20,   6, 6, 6, 6}
{ 255,   58,  318,   19,  254,   57,  322,   22,  254,   58,  325,   20,  255,   59,  321,   22,     15,    30,   0, 0, 0, 0}
{ 323,   17,  301,    6,  322,   22,  302,    9,  325,   20,  300,    7,  321,   22,  300,   11,     15,     5,   6, 6, 6, 6}

; Phase 6
{21}(@)
;        North                    East                   South                     West                             Facing
;----------------------  ----------------------  ----------------------  ----------------------                    rotations
;    start      finish       start      finish       start      finish       start      finish                    ----------
;   x,    y,    x,    y,    x,    y,    x,    y,    x,    y,    x,    y,    x,    y,    x,    y,   look, ticks,   n, e, s, w
{ 323,   20,  256,   55,  320,   20,  257,   54,  322,   20,  258,   56,  324,   20,  259,   56,     15,    30,   4, 4, 4, 4}
{ 256,   55,  252,   20,  257,   54,  251,   15,  258,   56,  251,   13,  259,   56,  252,   15,     18,    20,   6, 6, 6, 6}
{ 252,   20,  218,   27,  251,   15,  223,   29,  251,   13,  222,   32,  252,   15,  218,   30,     15,    10,   4, 4, 4, 4}
{ 218,   27,  218,   27,  223,   29,  223,   29,  222,   32,  222,   32,  218,   30,  218,   30,     16,   120,   6, 6, 6, 6}
{ 218,   27,  153,   51,  223,   29,  153,   55,  222,   32,  153,   53,  218,   30,  153,   53,     15,    30,   4, 4, 4, 4}
{ 153,   51,   75,    9,  153,   55,   60,    9,  153,   53,   57,    8,  153,   53,   61,    9,     15,    50,   6, 6, 6, 6}
{  75,    9,   75,    9,   60,    9,   60,    9,   57,    8,   57,    8,   61,    9,   61,    9,     16,    80,   7, 7, 7, 7}
{  75,    9,   75,    9,   60,    9,   60,    9,   57,    8,   57,    8,   61,    9,   61,    9,     17,   100,   0, 0, 0, 0}
{  75,    9,  115,   39,   60,    9,  107,   34,   57,    8,  112,   36,   61,    9,  114,   36,     15,    30,   2, 2, 2, 2}
{ 115,   39,  129,  -22,  113,   39,  127,  -20,  112,   36,  119,  -21,  114,   36,  125,  -22,     18,    20,   0, 0, 0, 0}
{ 129,  -22,   64,  -55,  127,  -20,   62,  -55,  133,  -20,   58,  -60,  125,  -21,   59,  -56,     15,    40,   6, 6, 6, 6}
{  64,  -55,   64,  -55,   62,  -55,   62,  -55,   57,  -57,   57,  -57,   59,  -56,   59,  -56,     16,    80,   6, 7, 7, 7}
{  64,  -55,   64,  -55,   62,  -55,   62,  -55,   57,  -57,   57,  -57,   59,  -56,   59,  -56,     17,   130,   7, 0, 0, 0}
{  64,  -55,  163,  -95,   61,  -52,  162,  -91,   60,  -55,  161,  -91,   59,  -56,  158,  -90,     15,    50,   0, 0, 0, 0}
{ 163,  -95,  163,  -95,  162,  -91,  162,  -91,  161,  -91,  161,  -91,  158,  -90,  158,  -90,     17,   110,   6, 6, 6, 6}
{ 163,  -95,  231,  -49,  162,  -91,  233,  -53,  161,  -91,  234,  -54,  158,  -90,  235,  -56,     15,    40,   2, 2, 2, 2}
{ 231,  -49,  231,  -49,  233,  -53,  233,  -53,  231,  -49,  231,  -49,  236,  -50,  236,  -50,     17,    80,   0, 0, 0, 0}
{ 231,  -49,  250,   16,  228,  -46,  249,   12,  229,  -45,  248,   15,  229,  -44,  248,   13,     18,    20,   6, 6, 6, 6}
{ 250,   16,  255,   58,  249,   12,  254,   57,  248,   15,  252,   56,  246,   15,  255,   59,     18,    20,   6, 6, 6, 6}
{ 255,   58,  318,   19,  254,   57,  322,   22,  254,   58,  325,   20,  255,   59,  321,   22,     15,    30,   0, 0, 0, 0}
{ 323,   17,  301,    6,  322,   22,  302,    9,  325,   20,  300,    7,  321,   22,  300,   11,     15,     5,   6, 6, 6, 6}

; Phase 7
{11}(@)
;        North                    East                   South                     West                             Facing
;----------------------  ----------------------  ----------------------  ----------------------                    rotations
;    start      finish       start      finish       start      finish       start      finish                    ----------
;   x,    y,    x,    y,    x,    y,    x,    y,    x,    y,    x,    y,    x,    y,    x,    y,   look, ticks,   n, e, s, w
{   3,   18,   84,   60,    2,   20,   85,   60,    5,   21,   84,   64,    9,   20,   87,   62,      1,    40,   2, 2, 2, 2}
{  81,   67,   81,   67,   85,   64,   85,   64,   84,   64,   84,   64,   84,   66,   84,   66,      3,   120,   0, 0, 0, 0}
{  90,   63,   90,   63,   85,   64,   85,   64,   84,   64,   84,   64,   84,   66,   84,   66,      2,    80,   1, 1, 1, 1}
{  90,   63,  152,   93,   85,   64,  151,   94,   84,   64,  143,   93,   84,   66,  151,   98,      1,    40,   2, 2, 2, 2}
{ 152,   93,  152,   93,  151,   94,  151,   94,  143,   93,  143,   93,  150,   96,  150,   96,      2,   100,   3, 6, 6, 6}
{ 165,  101,  166,  101,  169,   94,  169,   94,  169,   98,  169,   98,  164,   98,  164,   98,      3,   130,   7, 7, 7, 7}
{ 166,  101,  257,   59,  169,   94,  240,   61,  169,   98,  242,   61,  164,   98,  241,   62,      1,    50,   0, 0, 0, 0}
{ 257,   59,  257,   59,  240,   61,  240,   61,  242,   61,  242,   61,  241,   62,  241,   62,      2,   120,   7, 6, 6, 6}
{ 257,   59,  305,   33,  240,   61,  298,   32,  242,   61,  302,   30,  241,   62,  304,   29,      1,    30,   0, 0, 0, 0}
{ 305,   33,  305,   33,  298,   32,  298,   32,  302,   30,  302,   30,  305,   31,  305,   31,      3,    80,   6, 6, 6, 6}
{ 305,   33,  304,    2,  301,   36,  308,    5,  302,   30,  304,   -1,  305,   31,  334,    9,      1,     5,   7, 7, 7, 0}

; Phase 8
{0}(@)
;        North                    East                   South                     West                             Facing
;----------------------  ----------------------  ----------------------  ----------------------                    rotations
;    start      finish       start      finish       start      finish       start      finish                    ----------
;   x,    y,    x,    y,    x,    y,    x,    y,    x,    y,    x,    y,    x,    y,    x,    y,   look, ticks,   n, e, s, w
